2014080100,7
2014080101,4
2014080104,1
2014080105,12
2014080106,57
2014080107,77
2014080108,83
2014080109,84
2014080110,78
2014080111,67
2014080112,63
2014080113,62
2014080114,64
2014080115,73
2014080116,79
2014080117,83
2014080118,83
2014080119,79
2014080120,61
2014080121,58
2014080122,37
2014080123,7
2014080200,5
2014080201,2
2014080202,1
2014080203,1
2014080204,1
2014080205,11
2014080206,42
2014080207,57
2014080208,64
2014080209,73
2014080210,75
2014080211,73
2014080212,77
2014080213,81
2014080214,77
2014080215,80
2014080216,74
2014080217,69
2014080218,64
2014080219,60
2014080220,60
2014080221,55
2014080222,37
2014080223,8
2014080300,6
2014080301,3
2014080305,7
2014080306,39
2014080307,58
2014080308,61
2014080309,72
2014080310,73
2014080311,71
2014080312,72
2014080313,73
2014080314,70
2014080315,71
2014080316,69
2014080317,66
2014080318,61
2014080319,59
2014080320,57
2014080321,51
2014080322,37
2014080323,8
2014080400,6
2014080401,3
2014080405,8
2014080406,54
2014080407,83
2014080408,85
2014080409,83
2014080410,82
2014080411,77
2014080412,69
2014080413,70
2014080414,68
2014080415,78
2014080416,83
2014080417,84
2014080418,81
2014080419,75
2014080420,61
2014080421,56
2014080422,36
2014080423,10
2014080500,6
2014080501,2
2014080504,1
2014080505,8
2014080506,51
2014080507,81
2014080508,84
2014080509,82
2014080510,76
2014080511,69
2014080512,62
2014080513,63
2014080514,65
2014080515,77
2014080516,80
2014080517,80
2014080518,80
2014080519,71
2014080520,52
2014080521,45
2014080522,32
2014080523,9
2014080600,8
2014080601,1
2014080604,1
2014080605,12
2014080606,48
2014080607,74
2014080608,80
2014080609,79
2014080610,75
2014080611,67
2014080612,62
2014080613,66
2014080614,69
2014080615,75
2014080616,75
2014080617,81
2014080618,78
2014080619,71
2014080620,58
2014080621,49
2014080622,32
2014080623,7
2014080700,6
2014080701,3
2014080705,10
2014080706,49
2014080707,76
2014080708,78
2014080709,79
2014080710,73
2014080711,62
2014080712,59
2014080713,58
2014080714,60
2014080715,70
2014080716,75
2014080717,76
2014080718,77
2014080719,70
2014080720,57
2014080721,50
2014080722,33
2014080723,6
2014080800,6
2014080801,2
2014080802,1
2014080803,2
2014080804,2
2014080805,11
2014080806,55
2014080807,76
2014080808,82
2014080809,81
2014080810,79
2014080811,75
2014080812,69
2014080813,70
2014080814,69
2014080815,78
2014080816,81
2014080817,82
2014080818,82
2014080819,74
2014080820,62
2014080821,51
2014080822,32
2014080823,12
2014080900,12
2014080901,10
2014080902,7
2014080903,7
2014080904,8
2014080905,18
2014080906,46
2014080907,64
2014080908,72
2014080909,74
2014080910,72
2014080911,73
2014080912,74
2014080913,74
2014080914,72
2014080915,67
2014080916,66
2014080917,62
2014080918,62
2014080919,57
2014080920,51
2014080921,42
2014080922,29
2014080923,8
2014081000,7
2014081001,3
2014081004,1
2014081005,8
2014081006,41
2014081007,58
2014081008,61
2014081009,68
2014081010,74
2014081011,75
2014081012,74
2014081013,75
2014081014,70
2014081015,74
2014081016,72
2014081017,68
2014081018,56
2014081019,55
2014081020,52
2014081021,47
2014081022,28
2014081023,6
2014081100,5
2014081101,1
2014081319,1
2014081321,1
2014081322,2
2014081323,1
2014081400,1
2014081405,9
2014081406,52
2014081407,81
2014081408,86
2014081409,87
2014081410,82
2014081411,77
2014081412,69
2014081413,70
2014081414,72
2014081415,85
2014081416,89
2014081417,88
2014081418,87
2014081419,77
2014081420,64
2014081421,54
2014081422,32
2014081423,7
2014081500,8
2014081501,2
2014081506,5
2014081507,5
2014081508,5
2014081509,5
2014081510,6
2014081511,5
2014081512,4
2014081513,2
2014081514,2
2014081515,2
2014081516,2
2014081517,3
2014081518,3
2014081519,4
2014081520,4
2014081521,5
2014081522,5
2014081523,1
2014081600,1
2014081604,1
2014081605,9
2014081606,47
2014081607,67
2014081608,71
2014081609,79
2014081610,80
2014081611,80
2014081612,80
2014081613,84
2014081614,82
2014081615,79
2014081616,78
2014081617,70
2014081618,64
2014081619,63
2014081620,58
2014081621,53
2014081622,32
2014081623,9
2014081700,7
2014081701,2
2014081705,11
2014081706,44
2014081707,57
2014081708,67
2014081709,75
2014081710,76
2014081711,73
2014081712,77
2014081713,77
2014081714,78
2014081715,75
2014081716,70
2014081717,65
2014081718,64
2014081719,61
2014081720,55
2014081721,53
2014081722,28
2014081723,7
2014081800,6
2014081801,1
2014081807,1
2014081821,1
2014081822,1
2014081823,1
2014081904,1
2014081905,14
2014081906,58
2014081907,82
2014081908,84
2014081909,84
2014081910,79
2014081911,73
2014081912,69
2014081913,68
2014081914,69
2014081915,76
2014081916,78
2014081917,77
2014081918,77
2014081919,71
2014081920,61
2014081921,53
2014081922,32
2014081923,13
2014082000,11
2014082001,5
2014082002,6
2014082003,5
2014082004,6
2014082005,16
2014082006,47
2014082007,68
2014082008,75
2014082009,75
2014082010,71
2014082011,61
2014082012,57
2014082013,58
2014082014,59
2014082015,62
2014082016,71
2014082017,71
2014082018,71
2014082019,61
2014082020,54
2014082021,44
2014082022,28
2014082023,6
2014082100,13
2014082101,8
2014082102,6
2014082103,6
2014082104,6
2014082105,17
2014082106,51
2014082107,78
2014082108,84
2014082109,83
2014082110,78
2014082111,70
2014082112,64
2014082113,64
2014082114,60
2014082115,71
2014082116,75
2014082117,76
2014082118,75
2014082119,66
2014082120,57
2014082121,51
2014082122,33
2014082123,9
2014082205,12
2014082206,59
2014082207,84
2014082208,87
2014082209,82
2014082210,74
2014082211,72
2014082212,70
2014082213,69
2014082214,67
2014082215,77
2014082216,81
2014082217,80
2014082218,77
2014082219,71
2014082220,64
2014082221,55
2014082222,45
2014082223,12
2014082300,10
2014082301,4
2014082304,1
2014082305,11
2014082306,42
2014082307,62
2014082308,67
2014082309,72
2014082310,75
2014082311,73
2014082312,73
2014082313,78
2014082314,74
2014082315,73
2014082316,72
2014082317,65
2014082318,64
2014082319,60
2014082320,58
2014082321,49
2014082322,33
2014082323,9
2014082400,7
2014082401,3
2014082405,10
2014082406,43
2014082407,61
2014082408,69
2014082409,77
2014082410,79
2014082411,79
2014082412,77
2014082413,80
2014082414,76
2014082415,72
2014082416,67
2014082417,61
2014082418,58
2014082419,55
2014082420,56
2014082421,49
2014082422,35
2014082423,9
2014082500,7
2014082501,3
2014082504,3
2014082505,18
2014082506,60
2014082507,87
2014082508,89
2014082509,86
2014082510,80
2014082511,74
2014082512,70
2014082513,71
2014082514,68
2014082515,80
2014082516,81
2014082517,82
2014082518,79
2014082519,70
2014082520,58
2014082521,52
2014082522,29
2014082523,9
2014082600,6
2014082601,2
2014082602,1
2014082603,2
2014082604,2
2014082605,9
2014082606,58
2014082607,79
2014082608,81
2014082609,79
2014082610,76
2014082611,66
2014082612,64
2014082613,66
2014082614,64
2014082615,77
2014082616,79
2014082617,79
2014082618,79
2014082619,72
2014082620,58
2014082621,53
2014082622,32
2014082623,10
2014082700,8
2014082701,2
2014082705,11
2014082706,51
2014082707,79
2014082708,84
2014082709,83
2014082710,78
2014082711,70
2014082712,62
2014082713,62
2014082714,65
2014082715,77
2014082716,83
2014082717,82
2014082718,82
2014082719,69
2014082720,57
2014082721,52
2014082722,38
2014082723,19
2014082800,13
2014082801,9
2014082802,6
2014082803,6
2014082804,7
2014082805,17
2014082806,56
2014082807,79
2014082808,82
2014082809,85
2014082810,79
2014082811,65
2014082812,63
2014082813,62
2014082814,59
2014082815,66
2014082816,69
2014082817,69
2014082818,68
2014082819,56
2014082820,46
2014082821,41
2014082822,28
2014082823,13
2014082900,13
2014082901,9
2014082902,6
2014082903,6
2014082904,6
2014082905,14
2014082906,53
2014082907,80
2014082908,83
2014082909,81
2014082910,79
2014082911,66
2014082912,65
2014082913,65
2014082914,64
2014082915,69
2014082916,77
2014082917,76
2014082918,76
2014082919,70
2014082920,56
2014082921,49
2014082922,32
2014082923,11
2014083000,8
2014083001,2
2014083005,11
2014083006,44
2014083007,70
2014083008,78
2014083009,82
2014083010,82
2014083011,79
2014083012,80
2014083013,77
2014083014,73
2014083015,71
2014083016,64
2014083017,60
2014083018,59
2014083019,54
2014083020,52
2014083021,49
2014083022,34
2014083023,9
2014083100,6
2014083101,3
2014083104,2
2014083105,12
2014083106,48
2014083107,62
2014083108,71
2014083109,75
2014083110,76
2014083111,75
2014083112,76
2014083113,76
2014083114,70
2014083115,70
2014083116,66
2014083117,63
2014083118,59
2014083119,57
2014083120,55
2014083121,53
2014083122,30
2014083123,9
2014090100,7
2014090104,1
2014090105,14
2014090106,59
2014090107,90
2014090108,89
2014090109,87
2014090110,84
2014090111,80
2014090112,72
2014090113,72
2014090114,72
2014090115,84
2014090116,89
2014090117,92
2014090118,90
2014090119,77
2014090120,65
2014090121,57
2014090122,33
2014090123,7
2014090200,6
2014090201,2
2014090204,1
2014090205,12
2014090206,58
2014090207,87
2014090208,89
2014090209,88
2014090210,85
2014090211,76
2014090212,74
2014090213,73
2014090214,73
2014090215,88
2014090216,90
2014090217,90
2014090218,89
2014090219,81
2014090220,74
2014090221,63
2014090222,42
2014090223,9
2014090300,7
2014090301,2
2014090305,9
2014090306,54
2014090307,87
2014090308,88
2014090309,87
2014090310,85
2014090311,83
2014090312,76
2014090313,73
2014090314,76
2014090315,80
2014090316,83
2014090317,83
2014090318,83
2014090319,78
2014090320,63
2014090321,50
2014090322,34
2014090323,8
2014090400,6
2014090401,2
2014090404,1
2014090405,15
2014090406,61
2014090407,88
2014090408,87
2014090409,84
2014090410,84
2014090411,80
2014090412,76
2014090413,73
2014090414,73
2014090415,84
2014090416,87
2014090417,87
2014090418,87
2014090419,78
2014090420,69
2014090421,58
2014090422,36
2014090423,6
2014090500,5
2014090501,1
2014090505,14
2014090506,54
2014090507,84
2014090508,87
2014090509,87
2014090510,79
2014090511,72
2014090512,67
2014090513,66
2014090514,64
2014090515,75
2014090516,84
2014090517,84
2014090518,83
2014090519,81
2014090520,67
2014090521,58
2014090522,46
2014090523,12
2014090600,6
2014090601,2
2014090604,1
2014090605,14
2014090606,43
2014090607,60
2014090608,72
2014090609,80
2014090610,81
2014090611,82
2014090612,83
2014090613,83
2014090614,85
2014090615,85
2014090616,81
2014090617,73
2014090618,76
2014090619,69
2014090620,64
2014090621,57
2014090622,44
2014090623,11
2014090700,6
2014090701,2
2014090704,1
2014090705,12
2014090706,47
2014090707,66
2014090708,74
2014090709,84
2014090710,83
2014090711,83
2014090712,85
2014090713,83
2014090714,82
2014090715,85
2014090716,84
2014090717,80
2014090718,73
2014090719,70
2014090720,64
2014090721,60
2014090722,44
2014090723,14
2014090800,8
2014090801,2
2014090804,1
2014090805,12
2014090806,49
2014090807,74
2014090808,76
2014090809,80
2014090810,81
2014090811,82
2014090812,81
2014090813,85
2014090814,88
2014090815,91
2014090816,87
2014090817,85
2014090818,85
2014090819,80
2014090820,71
2014090821,70
2014090822,59
2014090823,28
2014090900,13
2014090901,6
2014090902,2
2014090904,1
2014090905,16
2014090906,57
2014090907,90
2014090908,91
2014090909,88
2014090910,84
2014090911,78
2014090912,75
2014090913,71
2014090914,72
2014090915,81
2014090916,85
2014090917,89
2014090918,89
2014090919,81
2014090920,62
2014090921,54
2014090922,35
2014090923,9
2014091000,7
2014091001,2
2014091004,1
2014091005,13
2014091006,64
2014091007,85
2014091008,88
2014091009,86
2014091010,81
2014091011,75
2014091012,68
2014091013,69
2014091014,66
2014091015,79
2014091016,86
2014091017,88
2014091018,87
2014091019,81
2014091020,64
2014091021,56
2014091022,41
2014091023,9
2014091100,8
2014091101,3
2014091102,2
2014091103,2
2014091104,2
2014091105,15
2014091106,64
2014091107,87
2014091108,88
2014091109,87
2014091110,82
2014091111,76
2014091112,71
2014091113,67
2014091114,66
2014091115,76
2014091116,84
2014091117,84
2014091118,84
2014091119,74
2014091120,67
2014091121,54
2014091122,37
2014091123,9
2014091200,8
2014091201,3
2014091205,13
2014091206,60
2014091207,89
2014091208,90
2014091209,84
2014091210,80
2014091211,74
2014091212,71
2014091213,71
2014091214,71
2014091215,82
2014091216,84
2014091217,83
2014091218,82
2014091219,78
2014091220,66
2014091221,58
2014091222,37
2014091223,12
2014091300,9
2014091301,3
2014091305,11
2014091306,50
2014091307,70
2014091308,75
2014091309,78
2014091310,79
2014091311,78
2014091312,73
2014091313,73
2014091314,74
2014091315,76
2014091316,78
2014091317,75
2014091318,72
2014091319,71
2014091320,68
2014091321,62
2014091322,44
2014091323,10
2014091400,8
2014091401,3
2014091404,1
2014091405,15
2014091406,49
2014091407,67
2014091408,71
2014091409,77
2014091410,78
2014091411,80
2014091412,80
2014091413,81
2014091414,76
2014091415,80
2014091416,79
2014091417,73
2014091418,68
2014091419,65
2014091420,62
2014091421,59
2014091422,36
2014091423,10
2014091500,8
2014091501,3
2014091505,16
2014091506,58
2014091507,85
2014091508,88
2014091509,87
2014091510,80
2014091511,72
2014091512,68
2014091513,68
2014091514,66
2014091515,80
2014091516,86
2014091517,88
2014091518,89
2014091519,82
2014091520,67
2014091521,55
2014091522,39
2014091523,12
2014091600,10
2014091601,2
2014091605,12
2014091606,57
2014091607,87
2014091608,87
2014091609,84
2014091610,79
2014091611,73
2014091612,70
2014091613,66
2014091614,64
2014091615,74
2014091616,86
2014091617,87
2014091618,87
2014091619,77
2014091620,67
2014091621,58
2014091622,40
2014091623,10
2014091700,9
2014091701,2
2014091702,1
2014091703,1
2014091704,1
2014091705,17
2014091706,60
2014091707,86
2014091708,84
2014091709,84
2014091710,81
2014091711,72
2014091712,68
2014091713,65
2014091714,68
2014091715,80
2014091716,86
2014091717,86
2014091718,84
2014091719,74
2014091720,65
2014091721,53
2014091722,39
2014091723,10
2014091800,9
2014091801,4
2014091805,10
2014091806,57
2014091807,78
2014091808,79
2014091809,76
2014091810,70
2014091811,62
2014091812,61
2014091813,66
2014091814,68
2014091815,80
2014091816,84
2014091817,83
2014091818,81
2014091819,75
2014091820,58
2014091821,54
2014091822,33
2014091823,7
2014091900,7
2014091901,3
2014091902,1
2014091903,1
2014091904,1
2014091905,14
2014091906,56
2014091907,76
2014091908,80
2014091909,78
2014091910,74
2014091911,68
2014091912,67
2014091913,64
2014091914,62
2014091915,75
2014091916,83
2014091917,83
2014091918,84
2014091919,80
2014091920,67
2014091921,57
2014091922,39
2014091923,9
2014092000,9
2014092001,2
2014092002,1
2014092003,1
2014092005,12
2014092006,46
2014092007,65
2014092008,73
2014092009,77
2014092010,75
2014092011,75
2014092012,75
2014092013,77
2014092014,75
2014092015,75
2014092016,73
2014092017,68
2014092018,66
2014092019,66
2014092020,59
2014092021,51
2014092022,36
2014092023,9
2014092100,7
2014092105,5
2014092106,41
2014092107,55
2014092108,67
2014092109,74
2014092110,73
2014092111,72
2014092112,71
2014092113,74
2014092114,72
2014092115,72
2014092116,66
2014092117,63
2014092118,59
2014092119,60
2014092120,55
2014092121,49
2014092122,35
2014092123,9
2014092200,8
2014092201,3
2014092205,11
2014092206,59
2014092207,84
2014092208,84
2014092209,83
2014092210,81
2014092211,73
2014092212,74
2014092213,68
2014092214,69
2014092215,81
2014092216,89
2014092217,87
2014092218,89
2014092219,80
2014092220,63
2014092221,54
2014092222,37
2014092223,12
2014092300,9
2014092301,5
2014092302,1
2014092303,1
2014092305,11
2014092306,59
2014092307,79
2014092308,79
2014092309,78
2014092310,74
2014092311,66
2014092312,63
2014092313,62
2014092314,62
2014092315,78
2014092316,84
2014092317,83
2014092318,85
2014092319,75
2014092320,61
2014092321,54
2014092322,37
2014092323,12
2014092400,7
2014092401,3
2014092405,9
2014092406,55
2014092407,77
2014092408,79
2014092409,80
2014092410,78
2014092411,67
2014092412,69
2014092413,63
2014092414,68
2014092415,79
2014092416,83
2014092417,81
2014092418,81
2014092419,68
2014092420,63
2014092421,56
2014092422,36
2014092423,9
2014092500,4
2014092501,2
2014092502,1
2014092503,1
2014092504,1
2014092505,10
2014092506,53
2014092507,79
2014092508,78
2014092509,77
2014092510,76
2014092511,64
2014092512,65
2014092513,63
2014092514,63
2014092515,78
2014092516,83
2014092517,82
2014092518,84
2014092519,76
2014092520,65
2014092521,55
2014092522,34
2014092523,7
2014092600,6
2014092601,3
2014092605,10
2014092606,44
2014092607,75
2014092608,73
2014092609,74
2014092610,71
2014092611,59
2014092612,61
2014092613,60
2014092614,64
2014092615,74
2014092616,77
2014092617,77
2014092618,76
2014092619,66
2014092620,59
2014092621,48
2014092622,33
2014092623,10
2014092700,8
2014092701,3
2014092702,1
2014092703,1
2014092705,8
2014092706,39
2014092707,54
2014092708,67
2014092709,69
2014092710,71
2014092711,69
2014092712,68
2014092713,69
2014092714,66
2014092715,66
2014092716,61
2014092717,58
2014092718,58
2014092719,57
2014092720,50
2014092721,47
2014092722,33
2014092723,8
2014092800,8
2014092801,3
2014092802,1
2014092803,1
2014092805,6
2014092806,51
2014092807,73
2014092808,74
2014092809,71
2014092810,66
2014092811,62
2014092812,58
2014092813,54
2014092814,58
2014092815,72
2014092816,80
2014092817,79
2014092818,78
2014092819,65
2014092820,53
2014092821,51
2014092822,29
2014092823,9
2014092900,8
2014092901,2
2014092902,1
2014092905,6
2014092906,45
2014092907,73
2014092908,72
2014092909,72
2014092910,66
2014092911,58
2014092912,55
2014092913,57
2014092914,59
2014092915,75
2014092916,78
2014092917,78
2014092918,77
2014092919,65
2014092920,53
2014092921,48
2014092922,33
2014092923,10
2014093000,8
2014093001,4
2014093002,2
2014093005,8
2014093006,46
2014093007,68
2014093008,71
2014093009,70
2014093010,68
2014093011,61
2014093012,53
2014093013,56
2014093014,56
2014093015,69
2014093016,73
2014093017,74
2014093018,74
2014093019,71
2014093020,59
2014093021,45
2014093022,35
2014093023,12
2014100100,8
2014100101,4
2014100102,1
2014100105,7
2014100106,34
2014100107,63
2014100108,77
2014100109,81
2014100110,81
2014100111,77
2014100112,81
2014100113,81
2014100114,80
2014100115,79
2014100116,73
2014100117,65
2014100118,62
2014100119,58
2014100120,53
2014100121,54
2014100122,57
2014100123,34
2014100200,22
2014100201,11
2014100202,5
2014100203,7
2014100204,4
2014100205,17
2014100206,37
2014100207,59
2014100208,73
2014100209,78
2014100210,77
2014100211,78
2014100212,77
2014100213,81
2014100214,80
2014100215,81
2014100216,74
2014100217,69
2014100218,60
2014100219,57
2014100220,55
2014100221,49
2014100222,43
2014100223,19
2014100300,10
2014100301,2
2014100305,12
2014100306,35
2014100307,48
2014100308,62
2014100309,71
2014100310,70
2014100311,70
2014100312,66
2014100313,76
2014100314,72
2014100315,76
2014100316,71
2014100317,64
2014100318,61
2014100319,57
2014100320,49
2014100321,47
2014100322,30
2014100323,8
2014100400,6
2014100401,3
2014100405,9
2014100406,24
2014100407,47
2014100408,55
2014100409,65
2014100410,63
2014100411,65
2014100412,64
2014100413,68
2014100414,66
2014100415,71
2014100416,67
2014100417,59
2014100418,57
2014100419,54
2014100420,51
2014100421,47
2014100422,26
2014100423,7
2014100500,6
2014100501,2
2014100505,7
2014100506,34
2014100507,50
2014100508,56
2014100509,63
2014100510,62
2014100511,61
2014100512,65
2014100513,70
2014100514,65
2014100515,65
2014100516,65
2014100517,65
2014100518,62
2014100519,57
2014100520,52
2014100521,46
2014100522,25
2014100523,6
2014100600,6
2014100601,2
2014100605,10
2014100606,32
2014100607,54
2014100608,60
2014100609,67
2014100610,64
2014100611,65
2014100612,66
2014100613,70
2014100614,69
2014100615,66
2014100616,68
2014100617,63
2014100618,62
2014100619,57
2014100620,48
2014100621,44
2014100622,27
2014100623,10
2014100700,6
2014100701,2
2014100705,9
2014100706,33
2014100707,51
2014100708,57
2014100709,65
2014100710,66
2014100711,67
2014100712,70
2014100713,72
2014100714,70
2014100715,74
2014100716,73
2014100717,67
2014100718,66
2014100719,59
2014100720,53
2014100721,48
2014100722,30
2014100723,8
2014100800,6
2014100801,3
2014100802,1
2014100803,1
2014100805,10
2014100806,51
2014100807,83
2014100808,83
2014100809,82
2014100810,79
2014100811,66
2014100812,62
2014100813,56
2014100814,60
2014100815,73
2014100816,76
2014100817,76
2014100818,77
2014100819,61
2014100820,47
2014100821,41
2014100822,25
2014100823,4
2014100900,3
2014100901,1
2014100905,6
2014100906,48
2014100907,81
2014100908,80
2014100909,79
2014100910,73
2014100911,66
2014100912,59
2014100913,58
2014100914,64
2014100915,74
2014100916,81
2014100917,78
2014100918,81
2014100919,66
2014100920,55
2014100921,44
2014100922,25
2014100923,8
2014101000,6
2014101001,4
2014101005,7
2014101006,50
2014101007,86
2014101008,87
2014101009,87
2014101010,82
2014101011,75
2014101012,67
2014101013,61
2014101014,55
2014101015,72
2014101016,77
2014101017,78
2014101018,81
2014101019,67
2014101020,54
2014101021,48
2014101022,36
2014101023,9
2014101100,6
2014101101,2
2014101105,7
2014101106,51
2014101107,80
2014101108,80
2014101109,76
2014101110,77
2014101111,73
2014101112,61
2014101113,57
2014101114,58
2014101115,72
2014101116,77
2014101117,76
2014101118,77
2014101119,68
2014101120,55
2014101121,46
2014101122,33
2014101123,9
2014101200,6
2014101201,2
2014101205,7
2014101206,33
2014101207,55
2014101208,64
2014101209,70
2014101210,71
2014101211,74
2014101212,75
2014101213,75
2014101214,74
2014101215,74
2014101216,67
2014101217,64
2014101218,61
2014101219,59
2014101220,51
2014101221,42
2014101222,24
2014101223,7
2014101300,6
2014101301,2
2014101305,10
2014101306,49
2014101307,76
2014101308,78
2014101309,76
2014101310,74
2014101311,65
2014101312,60
2014101313,56
2014101314,58
2014101315,69
2014101316,71
2014101317,74
2014101318,74
2014101319,64
2014101320,48
2014101321,41
2014101322,26
2014101323,7
2014101400,6
2014101401,3
2014101405,9
2014101406,47
2014101407,73
2014101408,76
2014101409,76
2014101410,72
2014101411,65
2014101412,57
2014101413,58
2014101414,61
2014101415,76
2014101416,78
2014101417,77
2014101418,78
2014101419,62
2014101420,47
2014101421,38
2014101422,23
2014101423,7
2014101500,6
2014101501,1
2014101505,8
2014101506,49
2014101507,77
2014101508,78
2014101509,78
2014101510,73
2014101511,69
2014101512,61
2014101513,65
2014101514,61
2014101515,69
2014101516,75
2014101517,78
2014101518,78
2014101519,69
2014101520,55
2014101521,47
2014101522,30
2014101523,9
2014101600,8
2014101601,3
2014101605,7
2014101606,48
2014101607,76
2014101608,76
2014101609,77
2014101610,72
2014101611,65
2014101612,63
2014101613,58
2014101614,57
2014101615,65
2014101616,68
2014101617,72
2014101618,73
2014101619,65
2014101620,51
2014101621,42
2014101622,29
2014101623,8
2014101700,6
2014101701,1
2014101705,11
2014101706,48
2014101707,75
2014101708,78
2014101709,77
2014101710,74
2014101711,67
2014101712,57
2014101713,61
2014101714,59
2014101715,70
2014101716,70
2014101717,74
2014101718,74
2014101719,62
2014101720,58
2014101721,49
2014101722,35
2014101723,11
2014101800,8
2014101801,2
2014101805,9
2014101806,38
2014101807,56
2014101808,69
2014101809,71
2014101810,73
2014101811,71
2014101812,74
2014101813,75
2014101814,69
2014101815,69
2014101816,64
2014101817,61
2014101818,57
2014101819,56
2014101820,53
2014101821,47
2014101822,34
2014101823,7
2014101900,7
2014101901,2
2014101905,8
2014101906,37
2014101907,53
2014101908,61
2014101909,67
2014101910,69
2014101911,66
2014101912,67
2014101913,71
2014101914,66
2014101915,68
2014101916,67
2014101917,63
2014101918,59
2014101919,58
2014101920,56
2014101921,51
2014101922,36
2014101923,9
2014102000,6
2014102001,2
2014102005,4
2014102006,46
2014102007,77
2014102008,78
2014102009,76
2014102010,74
2014102011,67
2014102012,61
2014102013,59
2014102014,59
2014102015,71
2014102016,74
2014102017,75
2014102018,74
2014102019,61
2014102020,48
2014102021,37
2014102022,28
2014102023,7
2014102100,6
2014102101,2
2014102105,7
2014102106,42
2014102107,76
2014102108,76
2014102109,75
2014102110,71
2014102111,59
2014102112,57
2014102113,58
2014102114,66
2014102115,76
2014102116,80
2014102117,79
2014102118,80
2014102119,75
2014102120,55
2014102121,48
2014102122,32
2014102123,8
2014102200,7
2014102201,2
2014102205,7
2014102206,47
2014102207,77
2014102208,78
2014102209,77
2014102210,70
2014102211,62
2014102212,58
2014102213,62
2014102214,62
2014102215,76
2014102216,79
2014102217,78
2014102218,78
2014102219,62
2014102220,53
2014102221,42
2014102222,33
2014102223,7
2014102300,6
2014102301,1
2014102305,9
2014102306,48
2014102307,77
2014102308,78
2014102309,77
2014102310,73
2014102311,67
2014102312,65
2014102313,62
2014102314,67
2014102315,78
2014102316,79
2014102317,78
2014102318,80
2014102319,69
2014102320,54
2014102321,50
2014102322,28
2014102323,7
2014102400,6
2014102401,2
2014102405,9
2014102406,49
2014102407,79
2014102408,80
2014102409,80
2014102410,78
2014102411,69
2014102412,60
2014102413,63
2014102414,63
2014102415,79
2014102416,80
2014102417,81
2014102418,81
2014102419,70
2014102420,56
2014102421,51
2014102422,32
2014102423,8
2014102500,6
2014102501,3
2014102505,6
2014102506,36
2014102507,51
2014102508,61
2014102509,70
2014102510,72
2014102511,70
2014102512,71
2014102513,78
2014102514,70
2014102515,71
2014102516,69
2014102517,60
2014102518,56
2014102519,55
2014102520,52
2014102521,47
2014102522,34
2014102523,9
2014102600,8
2014102601,2
2014102605,4
2014102606,36
2014102607,52
2014102608,60
2014102609,68
2014102610,70
2014102611,70
2014102612,76
2014102613,78
2014102614,79
2014102615,79
2014102616,73
2014102617,70
2014102618,64
2014102619,62
2014102620,57
2014102621,48
2014102622,26
2014102623,8
2014102700,6
2014102701,2
2014102705,8
2014102706,50
2014102707,80
2014102708,79
2014102709,83
2014102710,79
2014102711,73
2014102712,63
2014102713,59
2014102714,59
2014102715,73
2014102716,78
2014102717,78
2014102718,77
2014102719,65
2014102720,57
2014102721,46
2014102722,31
2014102723,12
2014102800,6
2014102801,2
2014102805,7
2014102806,46
2014102807,79
2014102808,79
2014102809,79
2014102810,75
2014102811,71
2014102812,65
2014102813,61
2014102814,61
2014102815,77
2014102816,84
2014102817,82
2014102818,82
2014102819,68
2014102820,56
2014102821,50
2014102822,30
2014102823,7
2014102900,7
2014102901,1
2014102905,8
2014102906,51
2014102907,83
2014102908,84
2014102909,82
2014102910,78
2014102911,69
2014102912,62
2014102913,67
2014102914,69
2014102915,82
2014102916,89
2014102917,88
2014102918,91
2014102919,76
2014102920,59
2014102921,50
2014102922,37
2014102923,10
2014103000,8
2014103001,2
2014103005,10
2014103006,52
2014103007,83
2014103008,83
2014103009,84
2014103010,77
2014103011,67
2014103012,63
2014103013,66
2014103014,72
2014103015,81
2014103016,88
2014103017,89
2014103018,89
2014103019,71
2014103020,57
2014103021,49
2014103022,31
2014103023,8
2014103100,5
2014103101,1
2014103105,8
2014103106,48
2014103107,82
2014103108,83
2014103109,81
2014103110,78
2014103111,69
2014103112,62
2014103113,64
2014103114,67
2014103115,80
2014103116,82
2014103117,81
2014103118,82
2014103119,76
2014103120,56
2014103121,47
2014103122,32
2014103123,7
2014110100,5
2014110101,3
2014110105,9
2014110106,42
2014110107,60
2014110108,74
2014110109,80
2014110110,78
2014110111,75
2014110112,77
2014110113,79
2014110114,77
2014110115,81
2014110116,74
2014110117,68
2014110118,68
2014110119,61
2014110120,56
2014110121,50
2014110122,32
2014110123,6
2014110200,8
2014110201,3
2014110202,2
2014110203,2
2014110204,2
2014110205,14
2014110206,39
2014110207,54
2014110208,61
2014110209,74
2014110210,74
2014110211,72
2014110212,74
2014110213,78
2014110214,77
2014110215,79
2014110216,75
2014110217,67
2014110218,62
2014110219,58
2014110220,55
2014110221,49
2014110222,29
2014110223,9
2014110300,6
2014110301,2
2014110305,11
2014110306,53
2014110307,90
2014110308,89
2014110309,88
2014110310,84
2014110311,73
2014110312,66
2014110313,65
2014110314,63
2014110315,80
2014110316,86
2014110317,86
2014110318,87
2014110319,70
2014110320,54
2014110321,45
2014110322,29
2014110323,7
2014110400,7
2014110401,2
2014110402,1
2014110403,1
2014110404,1
2014110405,11
2014110406,52
2014110407,88
2014110408,87
2014110409,84
2014110410,81
2014110411,71
2014110412,63
2014110413,61
2014110414,71
2014110415,77
2014110416,81
2014110417,82
2014110418,83
2014110419,73
2014110420,56
2014110421,45
2014110422,32
2014110423,7
2014110500,5
2014110501,2
2014110505,6
2014110506,49
2014110507,83
2014110508,83
2014110509,85
2014110510,78
2014110511,70
2014110512,62
2014110513,62
2014110514,66
2014110515,71
2014110516,80
2014110517,81
2014110518,81
2014110519,68
2014110520,56
2014110521,48
2014110522,33
2014110523,7
2014110600,7
2014110601,2
2014110605,5
2014110606,49
2014110607,76
2014110608,81
2014110609,80
2014110610,74
2014110611,69
2014110612,57
2014110613,59
2014110614,64
2014110615,77
2014110616,85
2014110617,84
2014110618,84
2014110619,74
2014110620,58
2014110621,51
2014110622,31
2014110623,7
2014110700,6
2014110701,2
2014110705,6
2014110706,47
2014110707,82
2014110708,84
2014110709,83
2014110710,79
2014110711,68
2014110712,65
2014110713,66
2014110714,69
2014110715,78
2014110716,86
2014110717,84
2014110718,87
2014110719,76
2014110720,61
2014110721,50
2014110722,31
2014110723,10
2014110800,6
2014110801,2
2014110805,9
2014110806,43
2014110807,56
2014110808,67
2014110809,74
2014110810,80
2014110811,81
2014110812,80
2014110813,83
2014110814,76
2014110815,74
2014110816,69
2014110817,63
2014110818,58
2014110819,58
2014110820,51
2014110821,45
2014110822,31
2014110823,7
2014110900,6
2014110901,3
2014110905,9
2014110906,41
2014110907,54
2014110908,60
2014110909,67
2014110910,70
2014110911,67
2014110912,68
2014110913,69
2014110914,70
2014110915,75
2014110916,73
2014110917,69
2014110918,63
2014110919,60
2014110920,56
2014110921,47
2014110922,26
2014110923,9
2014111000,6
2014111001,2
2014111005,12
2014111006,49
2014111007,85
2014111008,85
2014111009,85
2014111010,82
2014111011,72
2014111012,64
2014111013,67
2014111014,69
2014111015,77
2014111016,87
2014111017,89
2014111018,89
2014111019,77
2014111020,58
2014111021,50
2014111022,36
2014111023,9
2014111100,7
2014111101,2
2014111105,11
2014111106,50
2014111107,84
2014111108,86
2014111109,87
2014111110,82
2014111111,74
2014111112,63
2014111113,65
2014111114,67
2014111115,81
2014111116,91
2014111117,91
2014111118,89
2014111119,74
2014111120,59
2014111121,53
2014111122,31
2014111123,8
2014111200,7
2014111201,1
2014111205,13
2014111206,55
2014111207,91
2014111208,91
2014111209,89
2014111210,89
2014111211,80
2014111212,69
2014111213,70
2014111214,69
2014111215,86
2014111216,93
2014111217,92
2014111218,94
2014111219,78
2014111220,63
2014111221,56
2014111222,38
2014111223,11
2014111300,8
2014111301,2
2014111305,11
2014111306,53
2014111307,91
2014111308,90
2014111309,86
2014111310,87
2014111311,75
2014111312,69
2014111313,72
2014111314,72
2014111315,82
2014111316,92
2014111317,89
2014111318,89
2014111319,78
2014111320,55
2014111321,50
2014111322,37
2014111323,11
2014111400,6
2014111401,2
2014111405,8
2014111406,55
2014111407,88
2014111408,91
2014111409,92
2014111410,87
2014111411,80
2014111412,74
2014111413,76
2014111414,71
2014111415,81
2014111416,88
2014111417,87
2014111418,90
2014111419,79
2014111420,63
2014111421,52
2014111422,36
2014111423,8
2014111500,6
2014111501,2
2014111505,10
2014111506,40
2014111507,57
2014111508,71
2014111509,77
2014111510,80
2014111511,77
2014111512,76
2014111513,80
2014111514,81
2014111515,86
2014111516,76
2014111517,70
2014111518,66
2014111519,60
2014111520,53
2014111521,46
2014111522,29
2014111523,8
2014111600,6
2014111601,3
2014111605,12
2014111606,38
2014111607,54
2014111608,68
2014111609,75
2014111610,76
2014111611,73
2014111612,76
2014111613,78
2014111614,82
2014111615,80
2014111616,78
2014111617,70
2014111618,64
2014111619,61
2014111620,53
2014111621,48
2014111622,31
2014111623,9
2014111700,7
2014111701,2
2014111705,8
2014111706,53
2014111707,87
2014111708,86
2014111709,87
2014111710,83
2014111711,75
2014111712,65
2014111713,67
2014111714,73
2014111715,81
2014111716,91
2014111717,91
2014111718,92
2014111719,80
2014111720,59
2014111721,54
2014111722,37
2014111723,9
2014111800,7
2014111801,2
2014111805,9
2014111806,54
2014111807,91
2014111808,90
2014111809,87
2014111810,81
2014111811,74
2014111812,67
2014111813,64
2014111814,69
2014111815,78
2014111816,88
2014111817,89
2014111818,90
2014111819,72
2014111820,57
2014111821,48
2014111822,33
2014111823,11
2014111900,7
2014111901,2
2014111905,10
2014111906,55
2014111907,91
2014111908,89
2014111909,88
2014111910,83
2014111911,71
2014111912,65
2014111913,66
2014111914,68
2014111915,82
2014111916,90
2014111917,91
2014111918,91
2014111919,76
2014111920,55
2014111921,43
2014111922,28
2014111923,9
2014112000,7
2014112001,2
2014112005,12
2014112006,52
2014112007,90
2014112008,89
2014112009,89
2014112010,83
2014112011,74
2014112012,68
2014112013,71
2014112014,74
2014112015,85
2014112016,96
2014112017,96
2014112018,95
2014112019,75
2014112020,57
2014112021,52
2014112022,37
2014112023,11
2014112100,8
2014112101,2
2014112105,7
2014112106,50
2014112107,84
2014112108,84
2014112109,81
2014112110,79
2014112111,70
2014112112,65
2014112113,66
2014112114,72
2014112115,83
2014112116,92
2014112117,90
2014112118,90
2014112119,72
2014112120,57
2014112121,44
2014112122,31
2014112123,9
2014112200,7
2014112201,1
2014112205,6
2014112206,40
2014112207,54
2014112208,68
2014112209,81
2014112210,81
2014112211,77
2014112212,81
2014112213,79
2014112214,83
2014112215,86
2014112216,83
2014112217,73
2014112218,66
2014112219,61
2014112220,58
2014112221,53
2014112222,34
2014112223,10
2014112300,8
2014112301,3
2014112305,10
2014112306,43
2014112307,54
2014112308,69
2014112309,77
2014112310,79
2014112311,74
2014112312,74
2014112313,82
2014112314,80
2014112315,85
2014112316,78
2014112317,72
2014112318,65
2014112319,59
2014112320,54
2014112321,50
2014112322,31
2014112323,9
2014112400,7
2014112401,1
2014112405,12
2014112406,53
2014112407,86
2014112408,85
2014112409,84
2014112410,76
2014112411,71
2014112412,62
2014112413,65
2014112414,68
2014112415,78
2014112416,92
2014112417,89
2014112418,90
2014112419,73
2014112420,56
2014112421,52
2014112422,40
2014112423,14
2014112500,11
2014112501,5
2014112502,3
2014112503,3
2014112504,3
2014112505,12
2014112506,50
2014112507,83
2014112508,87
2014112509,85
2014112510,83
2014112511,73
2014112512,58
2014112513,57
2014112514,60
2014112515,76
2014112516,85
2014112517,84
2014112518,83
2014112519,67
2014112520,52
2014112521,46
2014112522,33
2014112523,9
2014112600,10
2014112601,4
2014112602,2
2014112603,2
2014112604,2
2014112605,16
2014112606,54
2014112607,88
2014112608,86
2014112609,84
2014112610,79
2014112611,73
2014112612,64
2014112613,69
2014112614,71
2014112615,82
2014112616,90
2014112617,89
2014112618,90
2014112619,78
2014112620,58
2014112621,50
2014112622,33
2014112623,8
2014112700,8
2014112701,5
2014112702,3
2014112703,3
2014112704,3
2014112705,10
2014112706,50
2014112707,87
2014112708,87
2014112709,84
2014112710,79
2014112711,66
2014112712,61
2014112713,65
2014112714,63
2014112715,76
2014112716,88
2014112717,85
2014112718,86
2014112719,66
2014112720,49
2014112721,42
2014112722,25
2014112723,9
2014112800,8
2014112801,1
2014112803,2
2014112804,2
2014112805,13
2014112806,46
2014112807,85
2014112808,86
2014112809,86
2014112810,81
2014112811,71
2014112812,70
2014112813,73
2014112814,69
2014112815,81
2014112816,90
2014112817,91
2014112818,93
2014112819,81
2014112820,62
2014112821,54
2014112822,37
2014112823,11
2014112900,9
2014112901,2
2014112905,14
2014112906,41
2014112907,55
2014112908,74
2014112909,82
2014112910,80
2014112911,77
2014112912,77
2014112913,79
2014112914,81
2014112915,79
2014112916,75
2014112917,68
2014112918,66
2014112919,61
2014112920,57
2014112921,50
2014112922,37
2014112923,8
2014113000,6
2014113001,3
2014113002,4
2014113003,4
2014113004,4
2014113005,18
2014113006,43
2014113007,63
2014113008,73
2014113009,78
2014113010,80
2014113011,78
2014113012,78
2014113013,77
2014113014,78
2014113015,81
2014113016,74
2014113017,65
2014113018,64
2014113019,59
2014113020,55
2014113021,50
2014113022,33
2014113023,9
2014120100,6
2014120101,2
2014120104,1
2014120105,9
2014120106,56
2014120107,88
2014120108,90
2014120109,87
2014120110,82
2014120111,70
2014120112,61
2014120113,61
2014120114,63
2014120115,78
2014120116,83
2014120117,83
2014120118,83
2014120119,67
2014120120,51
2014120121,43
2014120122,28
2014120123,9
2014120200,7
2014120201,2
2014120202,1
2014120203,1
2014120204,1
2014120205,8
2014120206,55
2014120207,83
2014120208,82
2014120209,85
2014120210,80
2014120211,70
2014120212,62
2014120213,58
2014120214,63
2014120215,75
2014120216,84
2014120217,85
2014120218,83
2014120219,74
2014120220,51
2014120221,44
2014120222,32
2014120223,10
2014120300,6
2014120301,2
2014120305,7
2014120306,49
2014120307,87
2014120308,86
2014120309,85
2014120310,77
2014120311,65
2014120312,57
2014120313,60
2014120314,63
2014120315,77
2014120316,87
2014120317,87
2014120318,88
2014120319,73
2014120320,55
2014120321,45
2014120322,28
2014120323,9
2014120400,7
2014120401,2
2014120405,7
2014120406,48
2014120407,87
2014120408,86
2014120409,87
2014120410,77
2014120411,68
2014120412,61
2014120413,57
2014120414,62
2014120415,82
2014120416,92
2014120417,90
2014120418,92
2014120419,70
2014120420,58
2014120421,50
2014120422,34
2014120423,12
2014120500,9
2014120501,3
2014120502,1
2014120503,1
2014120504,1
2014120505,10
2014120506,53
2014120507,85
2014120508,85
2014120509,86
2014120510,77
2014120511,70
2014120512,63
2014120513,65
2014120514,68
2014120515,83
2014120516,89
2014120517,90
2014120518,91
2014120519,81
2014120520,58
2014120521,49
2014120522,32
2014120523,8
2014120600,7
2014120601,2
2014120605,9
2014120606,36
2014120607,60
2014120608,76
2014120609,83
2014120610,82
2014120611,77
2014120612,80
2014120613,85
2014120614,85
2014120615,92
2014120616,82
2014120617,75
2014120618,71
2014120619,66
2014120620,61
2014120621,51
2014120622,30
2014120623,9
2014120700,8
2014120701,6
2014120702,3
2014120703,3
2014120704,3
2014120705,10
2014120706,34
2014120707,52
2014120708,71
2014120709,81
2014120710,81
2014120711,79
2014120712,80
2014120713,84
2014120714,77
2014120715,79
2014120716,73
2014120717,66
2014120718,61
2014120719,58
2014120720,54
2014120721,47
2014120722,29
2014120723,9
2014120800,9
2014120801,2
2014120802,2
2014120803,2
2014120804,1
2014120805,9
2014120806,55
2014120807,88
2014120808,89
2014120809,85
2014120810,85
2014120811,78
2014120812,68
2014120813,65
2014120814,65
2014120815,79
2014120816,93
2014120817,91
2014120818,91
2014120819,77
2014120820,61
2014120821,45
2014120822,28
2014120823,7
2014120900,7
2014120901,3
2014120902,1
2014120903,2
2014120904,4
2014120905,17
2014120906,49
2014120907,90
2014120908,87
2014120909,87
2014120910,83
2014120911,75
2014120912,69
2014120913,66
2014120914,68
2014120915,84
2014120916,92
2014120917,91
2014120918,93
2014120919,76
2014120920,58
2014120921,47
2014120922,29
2014120923,10
2014121000,7
2014121001,1
2014121005,9
2014121006,50
2014121007,89
2014121008,88
2014121009,86
2014121010,80
2014121011,71
2014121012,64
2014121013,67
2014121014,69
2014121015,81
2014121016,89
2014121017,89
2014121018,89
2014121019,74
2014121020,55
2014121021,44
2014121022,31
2014121023,9
2014121100,7
2014121101,2
2014121105,9
2014121106,56
2014121107,82
2014121108,84
2014121109,81
2014121110,81
2014121111,76
2014121112,66
2014121113,68
2014121114,66
2014121115,78
2014121116,86
2014121117,85
2014121118,87
2014121119,73
2014121120,60
2014121121,53
2014121122,36
2014121123,9
2014121200,7
2014121201,1
2014121205,10
2014121206,52
2014121207,88
2014121208,87
2014121209,86
2014121210,80
2014121211,76
2014121212,69
2014121213,68
2014121214,69
2014121215,88
2014121216,94
2014121217,94
2014121218,94
2014121219,81
2014121220,64
2014121221,46
2014121222,38
2014121223,7
2014121300,7
2014121301,3
2014121305,11
2014121306,42
2014121307,63
2014121308,74
2014121309,82
2014121310,83
2014121311,78
2014121312,82
2014121313,83
2014121314,82
2014121315,85
2014121316,80
2014121317,71
2014121318,69
2014121319,67
2014121320,60
2014121321,51
2014121322,35
2014121323,11
2014121400,8
2014121401,1
2014121403,1
2014121404,1
2014121405,12
2014121406,42
2014121407,60
2014121408,70
2014121409,83
2014121410,82
2014121411,82
2014121412,82
2014121413,84
2014121414,85
2014121415,84
2014121416,84
2014121417,71
2014121418,70
2014121419,67
2014121420,59
2014121421,51
2014121422,31
2014121423,8
2014121500,7
2014121501,5
2014121502,3
2014121503,3
2014121504,1
2014121505,13
2014121506,59
2014121507,95
2014121508,92
2014121509,92
2014121510,91
2014121511,80
2014121512,69
2014121513,66
2014121514,67
2014121515,81
2014121516,91
2014121517,89
2014121518,88
2014121519,70
2014121520,55
2014121521,48
2014121522,29
2014121523,8
2014121600,6
2014121601,3
2014121605,11
2014121606,54
2014121607,92
2014121608,90
2014121609,88
2014121610,84
2014121611,73
2014121612,69
2014121613,69
2014121614,72
2014121615,85
2014121616,94
2014121617,92
2014121618,92
2014121619,78
2014121620,59
2014121621,49
2014121622,29
2014121623,7
2014121700,6
2014121701,1
2014121705,11
2014121706,56
2014121707,87
2014121708,84
2014121709,85
2014121710,82
2014121711,70
2014121712,66
2014121713,67
2014121714,67
2014121715,83
2014121716,92
2014121717,92
2014121718,93
2014121719,78
2014121720,62
2014121721,50
2014121722,33
2014121723,9
2014121800,8
2014121801,2
2014121805,11
2014121806,52
2014121807,87
2014121808,87
2014121809,86
2014121810,81
2014121811,71
2014121812,61
2014121813,67
2014121814,70
2014121815,82
2014121816,88
2014121817,88
2014121818,90
2014121819,74
2014121820,55
2014121821,49
2014121822,29
2014121823,12
2014121900,8
2014121901,2
2014121902,1
2014121903,1
2014121904,1
2014121905,9
2014121906,51
2014121907,83
2014121908,85
2014121909,84
2014121910,81
2014121911,75
2014121912,71
2014121913,68
2014121914,67
2014121915,78
2014121916,89
2014121917,90
2014121918,87
2014121919,77
2014121920,58
2014121921,52
2014121922,29
2014121923,9
2014122000,7
2014122001,2
2014122005,8
2014122006,37
2014122007,59
2014122008,73
2014122009,82
2014122010,82
2014122011,77
2014122012,80
2014122013,82
2014122014,81
2014122015,80
2014122016,79
2014122017,71
2014122018,63
2014122019,61
2014122020,52
2014122021,45
2014122022,27
2014122023,11
2014122100,9
2014122101,3
2014122105,6
2014122106,39
2014122107,56
2014122108,77
2014122109,86
2014122110,86
2014122111,85
2014122112,83
2014122113,86
2014122114,85
2014122115,86
2014122116,80
2014122117,70
2014122118,64
2014122119,59
2014122120,53
2014122121,49
2014122122,37
2014122123,9
2014122200,7
2014122201,2
2014122205,9
2014122206,59
2014122207,94
2014122208,92
2014122209,91
2014122210,90
2014122211,72
2014122212,66
2014122213,64
2014122214,64
2014122215,80
2014122216,94
2014122217,92
2014122218,91
2014122219,74
2014122220,54
2014122221,48
2014122222,33
2014122223,11
2014122300,9
2014122301,2
2014122304,1
2014122305,11
2014122306,56
2014122307,92
2014122308,94
2014122309,93
2014122310,87
2014122311,77
2014122312,67
2014122313,64
2014122314,71
2014122315,86
2014122316,93
2014122317,92
2014122318,93
2014122319,76
2014122320,59
2014122321,51
2014122322,33
2014122323,9
2014122400,7
2014122401,1
2014122405,13
2014122406,55
2014122407,90
2014122408,92
2014122409,92
2014122410,92
2014122411,78
2014122412,67
2014122413,69
2014122414,72
2014122415,84
2014122416,89
2014122417,92
2014122418,91
2014122419,76
2014122420,64
2014122421,51
2014122422,35
2014122423,11
2014122500,8
2014122501,3
2014122505,12
2014122506,48
2014122507,88
2014122508,87
2014122509,88
2014122510,83
2014122511,74
2014122512,69
2014122513,64
2014122514,67
2014122515,82
2014122516,90
2014122517,88
2014122518,91
2014122519,75
2014122520,60
2014122521,52
2014122522,35
2014122523,8
2014122600,8
2014122601,2
2014122605,8
2014122606,53
2014122607,85
2014122608,86
2014122609,85
2014122610,81
2014122611,72
2014122612,66
2014122613,66
2014122614,69
2014122615,81
2014122616,88
2014122617,89
2014122618,91
2014122619,80
2014122620,57
2014122621,48
2014122622,32
2014122623,10
2014122700,9
2014122701,3
2014122705,11
2014122706,47
2014122707,65
2014122708,74
2014122709,86
2014122710,83
2014122711,78
2014122712,84
2014122713,84
2014122714,80
2014122715,80
2014122716,71
2014122717,75
2014122718,68
2014122719,63
2014122720,59
2014122721,49
2014122722,32
2014122723,8
2014122800,6
2014122801,1
2014122805,11
2014122806,43
2014122807,61
2014122808,73
2014122809,81
2014122810,80
2014122811,83
2014122812,82
2014122813,83
2014122814,82
2014122815,81
2014122816,81
2014122817,74
2014122818,70
2014122819,65
2014122820,60
2014122821,52
2014122822,35
2014122823,11
2014122900,8
2014122901,3
2014122905,10
2014122906,59
2014122907,90
2014122908,90
2014122909,89
2014122910,87
2014122911,83
2014122912,76
2014122913,70
2014122914,72
2014122915,84
2014122916,92
2014122917,92
2014122918,90
2014122919,76
2014122920,62
2014122921,53
2014122922,34
2014122923,10
2014123000,7
2014123001,2
2014123005,13
2014123006,56
2014123007,91
2014123008,92
2014123009,91
2014123010,84
2014123011,74
2014123012,67
2014123013,65
2014123014,67
2014123015,82
2014123016,93
2014123017,93
2014123018,94
2014123019,78
2014123020,65
2014123021,49
2014123022,33
2014123023,10
2014123100,8
2014123101,3
2014123105,11
2014123106,58
2014123107,91
2014123108,90
2014123109,88
2014123110,86
2014123111,83
2014123112,70
2014123113,68
2014123114,72
2014123115,88
2014123116,94
2014123117,92
2014123118,93
2014123119,85
2014123120,66
2014123121,53
2014123122,41
2014123123,17
