2014080100,5
2014080101,2
2014080104,1
2014080105,12
2014080106,47
2014080107,72
2014080108,73
2014080109,71
2014080110,65
2014080111,59
2014080112,57
2014080113,57
2014080114,57
2014080115,64
2014080116,69
2014080117,72
2014080118,70
2014080119,65
2014080120,50
2014080121,43
2014080122,26
2014080123,5
2014080200,3
2014080201,2
2014080205,16
2014080206,41
2014080207,50
2014080208,54
2014080209,63
2014080210,63
2014080211,61
2014080212,63
2014080213,64
2014080214,60
2014080215,63
2014080216,63
2014080217,60
2014080218,58
2014080219,56
2014080220,50
2014080221,44
2014080222,24
2014080223,6
2014080300,5
2014080301,2
2014080304,1
2014080305,16
2014080306,38
2014080307,50
2014080308,51
2014080309,57
2014080310,61
2014080311,59
2014080312,59
2014080313,62
2014080314,61
2014080315,62
2014080316,62
2014080317,56
2014080318,53
2014080319,52
2014080320,49
2014080321,42
2014080322,25
2014080323,5
2014080400,4
2014080401,2
2014080405,16
2014080406,49
2014080407,75
2014080408,74
2014080409,72
2014080410,68
2014080411,60
2014080412,55
2014080413,58
2014080414,56
2014080415,67
2014080416,70
2014080417,69
2014080418,69
2014080419,61
2014080420,49
2014080421,41
2014080422,26
2014080423,8
2014080500,4
2014080501,2
2014080504,1
2014080505,13
2014080506,43
2014080507,62
2014080508,69
2014080509,68
2014080510,57
2014080511,56
2014080512,54
2014080513,54
2014080514,53
2014080515,59
2014080516,66
2014080517,65
2014080518,65
2014080519,60
2014080520,48
2014080521,38
2014080522,24
2014080523,5
2014080600,5
2014080601,1
2014080604,1
2014080605,16
2014080606,47
2014080607,63
2014080608,70
2014080609,70
2014080610,66
2014080611,61
2014080612,62
2014080613,63
2014080614,62
2014080615,71
2014080616,73
2014080617,72
2014080618,70
2014080619,63
2014080620,53
2014080621,42
2014080622,26
2014080623,5
2014080700,5
2014080701,1
2014080705,16
2014080706,49
2014080707,65
2014080708,70
2014080709,73
2014080710,68
2014080711,60
2014080712,57
2014080713,55
2014080714,54
2014080715,62
2014080716,70
2014080717,69
2014080718,68
2014080719,63
2014080720,52
2014080721,45
2014080722,25
2014080723,7
2014080800,4
2014080801,2
2014080802,1
2014080803,2
2014080804,2
2014080805,16
2014080806,47
2014080807,65
2014080808,70
2014080809,71
2014080810,68
2014080811,66
2014080812,60
2014080813,60
2014080814,60
2014080815,64
2014080816,70
2014080817,72
2014080818,70
2014080819,64
2014080820,51
2014080821,39
2014080822,30
2014080823,12
2014080900,10
2014080901,7
2014080902,5
2014080903,5
2014080904,6
2014080905,19
2014080906,42
2014080907,54
2014080908,61
2014080909,67
2014080910,66
2014080911,63
2014080912,62
2014080913,57
2014080914,53
2014080915,55
2014080916,53
2014080917,47
2014080918,46
2014080919,42
2014080920,40
2014080921,37
2014080922,21
2014080923,6
2014081000,6
2014081001,2
2014081004,1
2014081005,15
2014081006,39
2014081007,49
2014081008,51
2014081009,58
2014081010,63
2014081011,61
2014081012,61
2014081013,62
2014081014,61
2014081015,65
2014081016,62
2014081017,57
2014081018,56
2014081019,53
2014081020,51
2014081021,45
2014081022,28
2014081023,8
2014081100,6
2014081101,3
2014081305,1
2014081306,1
2014081307,1
2014081308,1
2014081309,1
2014081310,1
2014081311,1
2014081312,1
2014081313,1
2014081314,1
2014081321,1
2014081322,1
2014081405,17
2014081406,49
2014081407,67
2014081408,71
2014081409,70
2014081410,65
2014081411,61
2014081412,57
2014081413,58
2014081414,57
2014081415,65
2014081416,74
2014081417,74
2014081418,75
2014081419,67
2014081420,55
2014081421,42
2014081422,28
2014081423,6
2014081500,5
2014081501,2
2014081521,1
2014081522,1
2014081604,1
2014081605,13
2014081606,40
2014081607,52
2014081608,55
2014081609,61
2014081610,62
2014081611,61
2014081612,63
2014081613,63
2014081614,60
2014081615,59
2014081616,59
2014081617,51
2014081618,49
2014081619,47
2014081620,45
2014081621,43
2014081622,29
2014081623,10
2014081700,6
2014081701,1
2014081705,13
2014081706,37
2014081707,51
2014081708,55
2014081709,62
2014081710,65
2014081711,63
2014081712,60
2014081713,61
2014081714,60
2014081715,59
2014081716,59
2014081717,52
2014081718,50
2014081719,48
2014081720,41
2014081721,41
2014081722,23
2014081723,5
2014081800,4
2014081801,1
2014081807,1
2014081904,1
2014081905,12
2014081906,47
2014081907,66
2014081908,72
2014081909,69
2014081910,66
2014081911,58
2014081912,56
2014081913,58
2014081914,56
2014081915,64
2014081916,72
2014081917,67
2014081918,66
2014081919,66
2014081920,58
2014081921,48
2014081922,33
2014081923,15
2014082000,10
2014082001,8
2014082002,7
2014082003,7
2014082004,8
2014082005,18
2014082006,41
2014082007,62
2014082008,66
2014082009,65
2014082010,56
2014082011,51
2014082012,49
2014082013,46
2014082014,46
2014082015,54
2014082016,62
2014082017,61
2014082018,60
2014082019,52
2014082020,44
2014082021,34
2014082022,22
2014082023,7
2014082100,15
2014082101,12
2014082102,7
2014082103,6
2014082104,6
2014082105,19
2014082106,42
2014082107,64
2014082108,69
2014082109,69
2014082110,64
2014082111,59
2014082112,50
2014082113,53
2014082114,43
2014082115,52
2014082116,57
2014082117,57
2014082118,55
2014082119,50
2014082120,39
2014082121,35
2014082122,24
2014082123,6
2014082205,17
2014082206,44
2014082207,66
2014082208,70
2014082209,71
2014082210,66
2014082211,62
2014082212,54
2014082213,55
2014082214,56
2014082215,67
2014082216,72
2014082217,69
2014082218,67
2014082219,61
2014082220,55
2014082221,45
2014082222,28
2014082223,9
2014082300,7
2014082301,3
2014082304,1
2014082305,14
2014082306,40
2014082307,55
2014082308,59
2014082309,61
2014082310,65
2014082311,64
2014082312,63
2014082313,66
2014082314,64
2014082315,62
2014082316,60
2014082317,54
2014082318,55
2014082319,53
2014082320,50
2014082321,43
2014082322,26
2014082323,6
2014082400,5
2014082401,2
2014082405,19
2014082406,45
2014082407,57
2014082408,57
2014082409,59
2014082410,61
2014082411,60
2014082412,60
2014082413,62
2014082414,59
2014082415,59
2014082416,57
2014082417,52
2014082418,53
2014082419,51
2014082420,48
2014082421,43
2014082422,25
2014082423,8
2014082500,6
2014082501,4
2014082504,7
2014082505,24
2014082506,54
2014082507,71
2014082508,74
2014082509,71
2014082510,69
2014082511,66
2014082512,61
2014082513,58
2014082514,53
2014082515,59
2014082516,66
2014082517,70
2014082518,68
2014082519,65
2014082520,50
2014082521,36
2014082522,22
2014082523,6
2014082600,4
2014082601,1
2014082603,1
2014082604,1
2014082605,15
2014082606,50
2014082607,66
2014082608,71
2014082609,71
2014082610,65
2014082611,57
2014082612,56
2014082613,55
2014082614,52
2014082615,60
2014082616,64
2014082617,65
2014082618,69
2014082619,59
2014082620,48
2014082621,39
2014082622,28
2014082623,9
2014082700,7
2014082701,3
2014082705,17
2014082706,49
2014082707,65
2014082708,68
2014082709,66
2014082710,59
2014082711,58
2014082712,53
2014082713,52
2014082714,54
2014082715,64
2014082716,70
2014082717,72
2014082718,70
2014082719,64
2014082720,51
2014082721,41
2014082722,28
2014082723,18
2014082800,15
2014082801,10
2014082802,6
2014082803,6
2014082804,7
2014082805,17
2014082806,46
2014082807,67
2014082808,72
2014082809,70
2014082810,63
2014082811,53
2014082812,51
2014082813,48
2014082814,50
2014082815,51
2014082816,56
2014082817,55
2014082818,56
2014082819,49
2014082820,39
2014082821,34
2014082822,22
2014082823,12
2014082900,13
2014082901,11
2014082902,9
2014082903,9
2014082904,7
2014082905,19
2014082906,47
2014082907,66
2014082908,69
2014082909,67
2014082910,64
2014082911,54
2014082912,56
2014082913,54
2014082914,54
2014082915,61
2014082916,63
2014082917,61
2014082918,61
2014082919,59
2014082920,44
2014082921,38
2014082922,25
2014082923,7
2014083000,5
2014083001,2
2014083005,19
2014083006,46
2014083007,57
2014083008,62
2014083009,67
2014083010,64
2014083011,62
2014083012,62
2014083013,60
2014083014,61
2014083015,60
2014083016,56
2014083017,53
2014083018,52
2014083019,50
2014083020,48
2014083021,42
2014083022,30
2014083023,7
2014083100,5
2014083101,1
2014083104,4
2014083105,15
2014083106,36
2014083107,48
2014083108,54
2014083109,55
2014083110,59
2014083111,60
2014083112,61
2014083113,67
2014083114,65
2014083115,63
2014083116,58
2014083117,54
2014083118,54
2014083119,51
2014083120,46
2014083121,37
2014083122,22
2014083123,7
2014090100,6
2014090101,1
2014090104,1
2014090105,18
2014090106,49
2014090107,75
2014090108,75
2014090109,74
2014090110,72
2014090111,66
2014090112,63
2014090113,54
2014090114,56
2014090115,61
2014090116,73
2014090117,73
2014090118,73
2014090119,62
2014090120,54
2014090121,45
2014090122,29
2014090123,6
2014090200,5
2014090201,2
2014090204,1
2014090205,18
2014090206,50
2014090207,71
2014090208,73
2014090209,74
2014090210,69
2014090211,60
2014090212,59
2014090213,55
2014090214,58
2014090215,67
2014090216,73
2014090217,73
2014090218,73
2014090219,64
2014090220,55
2014090221,48
2014090222,31
2014090223,7
2014090300,5
2014090301,1
2014090304,1
2014090305,14
2014090306,47
2014090307,72
2014090308,73
2014090309,75
2014090310,69
2014090311,64
2014090312,59
2014090313,61
2014090314,62
2014090315,67
2014090316,71
2014090317,71
2014090318,70
2014090319,61
2014090320,52
2014090321,40
2014090322,30
2014090323,7
2014090400,6
2014090401,3
2014090404,1
2014090405,11
2014090406,46
2014090407,67
2014090408,67
2014090409,68
2014090410,68
2014090411,62
2014090412,60
2014090413,60
2014090414,59
2014090415,64
2014090416,72
2014090417,72
2014090418,72
2014090419,66
2014090420,52
2014090421,47
2014090422,29
2014090423,7
2014090500,5
2014090501,2
2014090505,18
2014090506,50
2014090507,68
2014090508,72
2014090509,71
2014090510,70
2014090511,62
2014090512,60
2014090513,57
2014090514,55
2014090515,64
2014090516,72
2014090517,70
2014090518,73
2014090519,66
2014090520,59
2014090521,45
2014090522,33
2014090523,8
2014090600,5
2014090601,2
2014090604,1
2014090605,19
2014090606,42
2014090607,53
2014090608,63
2014090609,68
2014090610,68
2014090611,68
2014090612,66
2014090613,69
2014090614,69
2014090615,65
2014090616,63
2014090617,58
2014090618,56
2014090619,52
2014090620,48
2014090621,39
2014090622,33
2014090623,5
2014090700,3
2014090701,1
2014090702,1
2014090703,1
2014090704,2
2014090705,17
2014090706,38
2014090707,50
2014090708,57
2014090709,66
2014090710,68
2014090711,69
2014090712,68
2014090713,65
2014090714,67
2014090715,66
2014090716,70
2014090717,63
2014090718,58
2014090719,56
2014090720,51
2014090721,45
2014090722,31
2014090723,7
2014090800,4
2014090801,1
2014090804,1
2014090805,19
2014090806,42
2014090807,58
2014090808,61
2014090809,64
2014090810,61
2014090811,62
2014090812,60
2014090813,67
2014090814,70
2014090815,75
2014090816,69
2014090817,67
2014090818,64
2014090819,58
2014090820,48
2014090821,44
2014090822,36
2014090823,15
2014090900,4
2014090901,2
2014090902,1
2014090904,1
2014090905,20
2014090906,45
2014090907,70
2014090908,73
2014090909,72
2014090910,66
2014090911,60
2014090912,61
2014090913,60
2014090914,59
2014090915,65
2014090916,68
2014090917,70
2014090918,70
2014090919,66
2014090920,47
2014090921,42
2014090922,28
2014090923,6
2014091000,5
2014091001,2
2014091004,1
2014091005,14
2014091006,49
2014091007,70
2014091008,73
2014091009,72
2014091010,67
2014091011,63
2014091012,65
2014091013,61
2014091014,62
2014091015,73
2014091016,80
2014091017,79
2014091018,78
2014091019,71
2014091020,59
2014091021,48
2014091022,30
2014091023,7
2014091100,4
2014091105,19
2014091106,51
2014091107,65
2014091108,67
2014091109,67
2014091110,60
2014091111,58
2014091112,54
2014091113,55
2014091114,58
2014091115,65
2014091116,71
2014091117,72
2014091118,72
2014091119,63
2014091120,56
2014091121,49
2014091122,32
2014091123,9
2014091200,7
2014091201,2
2014091205,20
2014091206,55
2014091207,74
2014091208,77
2014091209,71
2014091210,64
2014091211,61
2014091212,61
2014091213,61
2014091214,62
2014091215,70
2014091216,75
2014091217,74
2014091218,75
2014091219,68
2014091220,54
2014091221,46
2014091222,33
2014091223,9
2014091300,6
2014091301,2
2014091305,17
2014091306,47
2014091307,55
2014091308,60
2014091309,68
2014091310,71
2014091311,68
2014091312,62
2014091313,61
2014091314,61
2014091315,67
2014091316,66
2014091317,61
2014091318,58
2014091319,54
2014091320,49
2014091321,41
2014091322,25
2014091323,7
2014091400,7
2014091401,2
2014091404,1
2014091405,19
2014091406,45
2014091407,55
2014091408,59
2014091409,65
2014091410,63
2014091411,66
2014091412,67
2014091413,67
2014091414,64
2014091415,70
2014091416,71
2014091417,62
2014091418,56
2014091419,52
2014091420,48
2014091421,43
2014091422,27
2014091423,4
2014091500,3
2014091501,1
2014091505,18
2014091506,51
2014091507,74
2014091508,77
2014091509,75
2014091510,69
2014091511,58
2014091512,54
2014091513,50
2014091514,54
2014091515,73
2014091516,76
2014091517,76
2014091518,77
2014091519,69
2014091520,54
2014091521,42
2014091522,28
2014091523,7
2014091600,5
2014091601,1
2014091605,17
2014091606,48
2014091607,75
2014091608,79
2014091609,78
2014091610,72
2014091611,66
2014091612,60
2014091613,58
2014091614,55
2014091615,62
2014091616,74
2014091617,75
2014091618,77
2014091619,59
2014091620,54
2014091621,45
2014091622,26
2014091623,6
2014091700,4
2014091701,1
2014091705,20
2014091706,51
2014091707,72
2014091708,75
2014091709,74
2014091710,71
2014091711,63
2014091712,56
2014091713,57
2014091714,62
2014091715,71
2014091716,71
2014091717,74
2014091718,72
2014091719,66
2014091720,57
2014091721,44
2014091722,23
2014091723,5
2014091800,5
2014091801,2
2014091805,14
2014091806,41
2014091807,66
2014091808,67
2014091809,68
2014091810,66
2014091811,55
2014091812,53
2014091813,54
2014091814,55
2014091815,62
2014091816,68
2014091817,66
2014091818,66
2014091819,58
2014091820,43
2014091821,37
2014091822,23
2014091823,4
2014091900,3
2014091901,1
2014091905,19
2014091906,48
2014091907,66
2014091908,69
2014091909,67
2014091910,67
2014091911,56
2014091912,52
2014091913,52
2014091914,52
2014091915,55
2014091916,63
2014091917,65
2014091918,67
2014091919,61
2014091920,48
2014091921,39
2014091922,25
2014091923,4
2014092000,4
2014092001,1
2014092002,1
2014092003,1
2014092005,13
2014092006,37
2014092007,49
2014092008,56
2014092009,61
2014092010,60
2014092011,59
2014092012,57
2014092013,57
2014092014,57
2014092015,57
2014092016,56
2014092017,50
2014092018,49
2014092019,47
2014092020,41
2014092021,36
2014092022,22
2014092023,6
2014092100,4
2014092101,2
2014092102,1
2014092103,1
2014092104,1
2014092105,9
2014092106,36
2014092107,46
2014092108,54
2014092109,59
2014092110,59
2014092111,57
2014092112,58
2014092113,59
2014092114,63
2014092115,64
2014092116,55
2014092117,52
2014092118,50
2014092119,46
2014092120,42
2014092121,38
2014092122,26
2014092123,4
2014092200,4
2014092201,3
2014092205,15
2014092206,45
2014092207,64
2014092208,65
2014092209,65
2014092210,63
2014092211,62
2014092212,59
2014092213,58
2014092214,58
2014092215,65
2014092216,71
2014092217,71
2014092218,72
2014092219,63
2014092220,51
2014092221,44
2014092222,27
2014092223,6
2014092300,4
2014092301,3
2014092302,1
2014092303,1
2014092305,17
2014092306,43
2014092307,62
2014092308,64
2014092309,62
2014092310,58
2014092311,54
2014092312,50
2014092313,49
2014092314,51
2014092315,59
2014092316,61
2014092317,66
2014092318,67
2014092319,58
2014092320,49
2014092321,39
2014092322,22
2014092323,6
2014092400,5
2014092401,2
2014092405,16
2014092406,47
2014092407,67
2014092408,68
2014092409,69
2014092410,70
2014092411,62
2014092412,60
2014092413,56
2014092414,60
2014092415,64
2014092416,68
2014092417,68
2014092418,69
2014092419,61
2014092420,55
2014092421,45
2014092422,23
2014092423,5
2014092500,3
2014092501,3
2014092502,1
2014092503,1
2014092504,2
2014092505,15
2014092506,48
2014092507,65
2014092508,63
2014092509,63
2014092510,59
2014092511,54
2014092512,57
2014092513,55
2014092514,56
2014092515,64
2014092516,70
2014092517,71
2014092518,70
2014092519,59
2014092520,53
2014092521,43
2014092522,28
2014092523,6
2014092600,5
2014092601,2
2014092605,15
2014092606,45
2014092607,65
2014092608,68
2014092609,68
2014092610,62
2014092611,55
2014092612,54
2014092613,52
2014092614,51
2014092615,61
2014092616,65
2014092617,66
2014092618,63
2014092619,54
2014092620,46
2014092621,35
2014092622,20
2014092623,5
2014092700,4
2014092701,2
2014092702,1
2014092703,1
2014092705,15
2014092706,34
2014092707,48
2014092708,56
2014092709,60
2014092710,61
2014092711,58
2014092712,57
2014092713,55
2014092714,55
2014092715,55
2014092716,51
2014092717,50
2014092718,46
2014092719,44
2014092720,39
2014092721,33
2014092722,23
2014092723,4
2014092800,5
2014092801,2
2014092802,1
2014092803,1
2014092805,13
2014092806,40
2014092807,59
2014092808,61
2014092809,63
2014092810,57
2014092811,48
2014092812,48
2014092813,46
2014092814,48
2014092815,57
2014092816,64
2014092817,64
2014092818,63
2014092819,54
2014092820,43
2014092821,40
2014092822,20
2014092823,5
2014092900,6
2014092901,5
2014092902,1
2014092905,11
2014092906,41
2014092907,61
2014092908,63
2014092909,61
2014092910,57
2014092911,49
2014092912,42
2014092913,46
2014092914,49
2014092915,56
2014092916,62
2014092917,65
2014092918,65
2014092919,58
2014092920,48
2014092921,39
2014092922,26
2014092923,5
2014093000,4
2014093001,4
2014093002,1
2014093005,10
2014093006,34
2014093007,54
2014093008,59
2014093009,59
2014093010,57
2014093011,51
2014093012,46
2014093013,44
2014093014,47
2014093015,58
2014093016,60
2014093017,65
2014093018,65
2014093019,63
2014093020,53
2014093021,46
2014093022,36
2014093023,6
2014100100,4
2014100101,2
2014100105,10
2014100106,31
2014100107,56
2014100108,65
2014100109,66
2014100110,66
2014100111,64
2014100112,64
2014100113,65
2014100114,64
2014100115,65
2014100116,62
2014100117,59
2014100118,56
2014100119,49
2014100120,46
2014100121,41
2014100122,31
2014100123,12
2014100200,5
2014100201,3
2014100205,14
2014100206,36
2014100207,51
2014100208,61
2014100209,63
2014100210,63
2014100211,63
2014100212,62
2014100213,66
2014100214,66
2014100215,67
2014100216,61
2014100217,58
2014100218,54
2014100219,49
2014100220,44
2014100221,36
2014100222,27
2014100223,8
2014100300,5
2014100301,2
2014100305,15
2014100306,34
2014100307,42
2014100308,53
2014100309,59
2014100310,57
2014100311,56
2014100312,56
2014100313,61
2014100314,59
2014100315,62
2014100316,59
2014100317,55
2014100318,55
2014100319,47
2014100320,42
2014100321,30
2014100322,17
2014100323,5
2014100400,4
2014100401,2
2014100405,14
2014100406,29
2014100407,37
2014100408,39
2014100409,46
2014100410,45
2014100411,47
2014100412,46
2014100413,45
2014100414,46
2014100415,50
2014100416,44
2014100417,40
2014100418,40
2014100419,38
2014100420,34
2014100421,28
2014100422,18
2014100423,5
2014100500,5
2014100501,2
2014100505,11
2014100506,31
2014100507,37
2014100508,43
2014100509,48
2014100510,46
2014100511,47
2014100512,50
2014100513,52
2014100514,49
2014100515,47
2014100516,44
2014100517,46
2014100518,45
2014100519,44
2014100520,39
2014100521,33
2014100522,22
2014100523,4
2014100600,2
2014100601,1
2014100605,15
2014100606,33
2014100607,47
2014100608,51
2014100609,54
2014100610,49
2014100611,49
2014100612,53
2014100613,56
2014100614,57
2014100615,55
2014100616,52
2014100617,50
2014100618,54
2014100619,48
2014100620,41
2014100621,35
2014100622,22
2014100623,3
2014100700,3
2014100701,2
2014100705,14
2014100706,35
2014100707,46
2014100708,50
2014100709,56
2014100710,55
2014100711,56
2014100712,60
2014100713,61
2014100714,61
2014100715,64
2014100716,60
2014100717,55
2014100718,52
2014100719,44
2014100720,42
2014100721,34
2014100722,25
2014100723,7
2014100800,4
2014100801,2
2014100802,1
2014100803,1
2014100805,15
2014100806,45
2014100807,66
2014100808,66
2014100809,66
2014100810,62
2014100811,53
2014100812,49
2014100813,45
2014100814,51
2014100815,60
2014100816,67
2014100817,67
2014100818,68
2014100819,60
2014100820,46
2014100821,35
2014100822,18
2014100823,4
2014100900,2
2014100905,13
2014100906,42
2014100907,66
2014100908,67
2014100909,65
2014100910,61
2014100911,55
2014100912,53
2014100913,51
2014100914,55
2014100915,62
2014100916,67
2014100917,65
2014100918,66
2014100919,56
2014100920,49
2014100921,39
2014100922,22
2014100923,5
2014101000,4
2014101001,2
2014101005,13
2014101006,43
2014101007,66
2014101008,68
2014101009,68
2014101010,65
2014101011,59
2014101012,56
2014101013,50
2014101014,52
2014101015,63
2014101016,65
2014101017,68
2014101018,66
2014101019,56
2014101020,45
2014101021,39
2014101022,21
2014101023,7
2014101100,4
2014101101,2
2014101105,14
2014101106,43
2014101107,61
2014101108,66
2014101109,65
2014101110,64
2014101111,58
2014101112,53
2014101113,53
2014101114,53
2014101115,59
2014101116,62
2014101117,61
2014101118,59
2014101119,50
2014101120,43
2014101121,39
2014101122,27
2014101123,4
2014101200,4
2014101201,1
2014101205,13
2014101206,33
2014101207,44
2014101208,53
2014101209,56
2014101210,58
2014101211,57
2014101212,57
2014101213,56
2014101214,56
2014101215,60
2014101216,53
2014101217,47
2014101218,45
2014101219,40
2014101220,32
2014101221,29
2014101222,19
2014101223,4
2014101300,4
2014101305,16
2014101306,40
2014101307,66
2014101308,67
2014101309,66
2014101310,63
2014101311,53
2014101312,47
2014101313,46
2014101314,45
2014101315,58
2014101316,61
2014101317,63
2014101318,62
2014101319,54
2014101320,37
2014101321,31
2014101322,21
2014101323,5
2014101400,4
2014101401,1
2014101405,10
2014101406,42
2014101407,63
2014101408,65
2014101409,65
2014101410,59
2014101411,49
2014101412,48
2014101413,41
2014101414,46
2014101415,60
2014101416,63
2014101417,64
2014101418,63
2014101419,54
2014101420,36
2014101421,30
2014101422,18
2014101423,3
2014101500,3
2014101501,2
2014101505,10
2014101506,41
2014101507,63
2014101508,65
2014101509,64
2014101510,58
2014101511,49
2014101512,47
2014101513,49
2014101514,53
2014101515,56
2014101516,61
2014101517,61
2014101518,59
2014101519,55
2014101520,42
2014101521,37
2014101522,24
2014101523,5
2014101600,4
2014101601,2
2014101605,11
2014101606,36
2014101607,55
2014101608,59
2014101609,58
2014101610,54
2014101611,44
2014101612,43
2014101613,45
2014101614,48
2014101615,54
2014101616,60
2014101617,60
2014101618,60
2014101619,54
2014101620,43
2014101621,38
2014101622,24
2014101623,7
2014101700,4
2014101701,2
2014101705,12
2014101706,44
2014101707,60
2014101708,64
2014101709,64
2014101710,61
2014101711,51
2014101712,47
2014101713,48
2014101714,49
2014101715,56
2014101716,61
2014101717,63
2014101718,66
2014101719,55
2014101720,48
2014101721,37
2014101722,26
2014101723,7
2014101800,4
2014101801,2
2014101805,16
2014101806,40
2014101807,49
2014101808,52
2014101809,57
2014101810,64
2014101811,59
2014101812,57
2014101813,56
2014101814,55
2014101815,56
2014101816,55
2014101817,51
2014101818,49
2014101819,46
2014101820,44
2014101821,37
2014101822,26
2014101823,6
2014101900,5
2014101901,2
2014101905,12
2014101906,29
2014101907,40
2014101908,40
2014101909,48
2014101910,52
2014101911,53
2014101912,55
2014101913,54
2014101914,55
2014101915,57
2014101916,49
2014101917,48
2014101918,46
2014101919,44
2014101920,42
2014101921,34
2014101922,25
2014101923,6
2014102000,4
2014102001,2
2014102002,1
2014102003,1
2014102004,1
2014102005,18
2014102006,41
2014102007,58
2014102008,60
2014102009,60
2014102010,60
2014102011,51
2014102012,48
2014102013,50
2014102014,49
2014102015,55
2014102016,61
2014102017,62
2014102018,63
2014102019,54
2014102020,43
2014102021,35
2014102022,19
2014102023,5
2014102100,4
2014102101,2
2014102105,14
2014102106,47
2014102107,64
2014102108,67
2014102109,64
2014102110,60
2014102111,50
2014102112,47
2014102113,49
2014102114,53
2014102115,60
2014102116,68
2014102117,69
2014102118,68
2014102119,59
2014102120,45
2014102121,39
2014102122,26
2014102123,6
2014102200,4
2014102201,1
2014102204,1
2014102205,15
2014102206,42
2014102207,62
2014102208,61
2014102209,62
2014102210,59
2014102211,49
2014102212,51
2014102213,51
2014102214,54
2014102215,61
2014102216,66
2014102217,65
2014102218,64
2014102219,56
2014102220,44
2014102221,38
2014102222,23
2014102223,5
2014102300,3
2014102301,1
2014102305,13
2014102306,44
2014102307,65
2014102308,68
2014102309,63
2014102310,59
2014102311,52
2014102312,53
2014102313,49
2014102314,52
2014102315,63
2014102316,66
2014102317,65
2014102318,65
2014102319,58
2014102320,45
2014102321,40
2014102322,24
2014102323,5
2014102400,5
2014102401,4
2014102402,1
2014102403,1
2014102405,14
2014102406,37
2014102407,61
2014102408,64
2014102409,62
2014102410,60
2014102411,54
2014102412,50
2014102413,47
2014102414,50
2014102415,59
2014102416,66
2014102417,67
2014102418,63
2014102419,57
2014102420,46
2014102421,38
2014102422,24
2014102423,7
2014102500,4
2014102501,2
2014102505,13
2014102506,33
2014102507,43
2014102508,48
2014102509,54
2014102510,58
2014102511,54
2014102512,56
2014102513,57
2014102514,57
2014102515,59
2014102516,49
2014102517,48
2014102518,46
2014102519,45
2014102520,42
2014102521,35
2014102522,24
2014102523,6
2014102600,4
2014102601,3
2014102602,1
2014102603,1
2014102604,1
2014102605,10
2014102606,35
2014102607,41
2014102608,43
2014102609,47
2014102610,53
2014102611,56
2014102612,59
2014102613,58
2014102614,60
2014102615,64
2014102616,65
2014102617,58
2014102618,54
2014102619,52
2014102620,46
2014102621,40
2014102622,21
2014102623,7
2014102700,4
2014102701,1
2014102705,13
2014102706,49
2014102707,68
2014102708,68
2014102709,67
2014102710,61
2014102711,51
2014102712,47
2014102713,46
2014102714,48
2014102715,57
2014102716,65
2014102717,67
2014102718,65
2014102719,54
2014102720,48
2014102721,38
2014102722,21
2014102723,8
2014102800,4
2014102801,2
2014102805,15
2014102806,46
2014102807,66
2014102808,68
2014102809,68
2014102810,61
2014102811,52
2014102812,52
2014102813,52
2014102814,51
2014102815,66
2014102816,72
2014102817,72
2014102818,72
2014102819,66
2014102820,50
2014102821,40
2014102822,24
2014102823,6
2014102900,5
2014102901,1
2014102905,15
2014102906,45
2014102907,68
2014102908,71
2014102909,69
2014102910,64
2014102911,53
2014102912,49
2014102913,51
2014102914,56
2014102915,60
2014102916,70
2014102917,70
2014102918,72
2014102919,64
2014102920,48
2014102921,39
2014102922,29
2014102923,7
2014103000,4
2014103001,2
2014103005,16
2014103006,44
2014103007,63
2014103008,66
2014103009,67
2014103010,62
2014103011,55
2014103012,50
2014103013,50
2014103014,57
2014103015,66
2014103016,72
2014103017,72
2014103018,70
2014103019,58
2014103020,47
2014103021,38
2014103022,25
2014103023,6
2014103100,3
2014103101,1
2014103105,16
2014103106,42
2014103107,62
2014103108,64
2014103109,60
2014103110,58
2014103111,50
2014103112,46
2014103113,45
2014103114,51
2014103115,64
2014103116,68
2014103117,68
2014103118,68
2014103119,58
2014103120,46
2014103121,38
2014103122,24
2014103123,6
2014110100,4
2014110101,3
2014110103,1
2014110104,1
2014110105,12
2014110106,38
2014110107,45
2014110108,52
2014110109,57
2014110110,62
2014110111,58
2014110112,57
2014110113,58
2014110114,57
2014110115,60
2014110116,56
2014110117,52
2014110118,51
2014110119,45
2014110120,42
2014110121,36
2014110122,23
2014110123,4
2014110200,4
2014110201,1
2014110205,13
2014110206,35
2014110207,44
2014110208,48
2014110209,56
2014110210,60
2014110211,59
2014110212,59
2014110213,61
2014110214,64
2014110215,62
2014110216,56
2014110217,50
2014110218,48
2014110219,45
2014110220,42
2014110221,37
2014110222,19
2014110223,4
2014110300,4
2014110301,2
2014110305,12
2014110306,46
2014110307,67
2014110308,66
2014110309,64
2014110310,62
2014110311,56
2014110312,56
2014110313,52
2014110314,49
2014110315,63
2014110316,67
2014110317,69
2014110318,69
2014110319,52
2014110320,44
2014110321,36
2014110322,22
2014110323,5
2014110400,4
2014110401,1
2014110405,14
2014110406,46
2014110407,65
2014110408,68
2014110409,67
2014110410,59
2014110411,54
2014110412,52
2014110413,53
2014110414,58
2014110415,62
2014110416,66
2014110417,67
2014110418,69
2014110419,56
2014110420,48
2014110421,40
2014110422,26
2014110423,7
2014110500,4
2014110501,1
2014110505,10
2014110506,42
2014110507,65
2014110508,70
2014110509,68
2014110510,65
2014110511,59
2014110512,56
2014110513,55
2014110514,59
2014110515,64
2014110516,67
2014110517,69
2014110518,68
2014110519,60
2014110520,47
2014110521,38
2014110522,25
2014110523,6
2014110600,4
2014110601,1
2014110605,9
2014110606,42
2014110607,61
2014110608,64
2014110609,65
2014110610,61
2014110611,47
2014110612,43
2014110613,45
2014110614,48
2014110615,58
2014110616,68
2014110617,68
2014110618,69
2014110619,56
2014110620,44
2014110621,38
2014110622,27
2014110623,4
2014110700,3
2014110701,1
2014110705,12
2014110706,38
2014110707,64
2014110708,68
2014110709,68
2014110710,59
2014110711,53
2014110712,49
2014110713,50
2014110714,53
2014110715,59
2014110716,67
2014110717,69
2014110718,69
2014110719,65
2014110720,52
2014110721,39
2014110722,24
2014110723,7
2014110800,3
2014110801,2
2014110804,1
2014110805,12
2014110806,37
2014110807,43
2014110808,52
2014110809,54
2014110810,59
2014110811,59
2014110812,57
2014110813,57
2014110814,58
2014110815,54
2014110816,53
2014110817,50
2014110818,49
2014110819,46
2014110820,40
2014110821,32
2014110822,23
2014110823,5
2014110900,4
2014110901,2
2014110904,1
2014110905,14
2014110906,33
2014110907,41
2014110908,42
2014110909,48
2014110910,51
2014110911,50
2014110912,51
2014110913,53
2014110914,54
2014110915,57
2014110916,56
2014110917,52
2014110918,47
2014110919,48
2014110920,44
2014110921,35
2014110922,18
2014110923,6
2014111000,4
2014111001,2
2014111004,1
2014111005,17
2014111006,47
2014111007,67
2014111008,67
2014111009,67
2014111010,66
2014111011,55
2014111012,50
2014111013,54
2014111014,57
2014111015,64
2014111016,70
2014111017,72
2014111018,71
2014111019,60
2014111020,43
2014111021,38
2014111022,19
2014111023,4
2014111100,3
2014111101,1
2014111102,1
2014111103,1
2014111104,1
2014111105,15
2014111106,46
2014111107,70
2014111108,74
2014111109,73
2014111110,71
2014111111,62
2014111112,63
2014111113,57
2014111114,54
2014111115,65
2014111116,70
2014111117,69
2014111118,69
2014111119,57
2014111120,44
2014111121,38
2014111122,21
2014111123,5
2014111200,4
2014111201,1
2014111204,1
2014111205,18
2014111206,44
2014111207,69
2014111208,71
2014111209,71
2014111210,62
2014111211,58
2014111212,55
2014111213,57
2014111214,60
2014111215,69
2014111216,72
2014111217,72
2014111218,72
2014111219,59
2014111220,48
2014111221,45
2014111222,23
2014111223,5
2014111300,4
2014111301,1
2014111302,1
2014111303,1
2014111304,1
2014111305,16
2014111306,44
2014111307,70
2014111308,71
2014111309,71
2014111310,70
2014111311,61
2014111312,56
2014111313,55
2014111314,56
2014111315,64
2014111316,69
2014111317,69
2014111318,66
2014111319,56
2014111320,39
2014111321,31
2014111322,20
2014111323,6
2014111400,4
2014111401,1
2014111405,14
2014111406,43
2014111407,71
2014111408,73
2014111409,74
2014111410,71
2014111411,61
2014111412,61
2014111413,59
2014111414,59
2014111415,66
2014111416,73
2014111417,73
2014111418,75
2014111419,67
2014111420,50
2014111421,42
2014111422,27
2014111423,6
2014111500,4
2014111501,1
2014111505,14
2014111506,42
2014111507,49
2014111508,58
2014111509,62
2014111510,63
2014111511,62
2014111512,62
2014111513,61
2014111514,62
2014111515,68
2014111516,60
2014111517,55
2014111518,52
2014111519,49
2014111520,44
2014111521,34
2014111522,25
2014111523,4
2014111600,3
2014111601,2
2014111605,12
2014111606,33
2014111607,40
2014111608,46
2014111609,54
2014111610,56
2014111611,55
2014111612,55
2014111613,61
2014111614,62
2014111615,69
2014111616,61
2014111617,57
2014111618,56
2014111619,51
2014111620,45
2014111621,40
2014111622,20
2014111623,5
2014111700,4
2014111701,3
2014111705,16
2014111706,49
2014111707,73
2014111708,74
2014111709,74
2014111710,70
2014111711,65
2014111712,61
2014111713,55
2014111714,58
2014111715,69
2014111716,76
2014111717,75
2014111718,75
2014111719,62
2014111720,48
2014111721,44
2014111722,24
2014111723,5
2014111800,3
2014111801,1
2014111803,1
2014111804,1
2014111805,15
2014111806,47
2014111807,71
2014111808,72
2014111809,71
2014111810,68
2014111811,60
2014111812,56
2014111813,58
2014111814,62
2014111815,68
2014111816,77
2014111817,77
2014111818,76
2014111819,63
2014111820,52
2014111821,40
2014111822,23
2014111823,6
2014111900,4
2014111901,2
2014111904,1
2014111905,17
2014111906,51
2014111907,69
2014111908,71
2014111909,70
2014111910,68
2014111911,62
2014111912,58
2014111913,59
2014111914,61
2014111915,69
2014111916,76
2014111917,77
2014111918,76
2014111919,62
2014111920,50
2014111921,40
2014111922,28
2014111923,6
2014112000,4
2014112001,2
2014112005,16
2014112006,47
2014112007,71
2014112008,75
2014112009,74
2014112010,71
2014112011,62
2014112012,59
2014112013,59
2014112014,62
2014112015,73
2014112016,77
2014112017,77
2014112018,76
2014112019,61
2014112020,51
2014112021,47
2014112022,25
2014112023,4
2014112100,4
2014112101,2
2014112105,15
2014112106,47
2014112107,71
2014112108,72
2014112109,69
2014112110,68
2014112111,60
2014112112,54
2014112113,57
2014112114,60
2014112115,65
2014112116,76
2014112117,75
2014112118,72
2014112119,60
2014112120,49
2014112121,37
2014112122,23
2014112123,7
2014112200,4
2014112205,15
2014112206,40
2014112207,47
2014112208,58
2014112209,63
2014112210,65
2014112211,64
2014112212,66
2014112213,67
2014112214,70
2014112215,70
2014112216,66
2014112217,61
2014112218,58
2014112219,53
2014112220,49
2014112221,43
2014112222,31
2014112223,8
2014112300,7
2014112301,5
2014112305,17
2014112306,36
2014112307,44
2014112308,49
2014112309,57
2014112310,60
2014112311,57
2014112312,58
2014112313,60
2014112314,61
2014112315,70
2014112316,64
2014112317,57
2014112318,54
2014112319,49
2014112320,45
2014112321,40
2014112322,22
2014112323,4
2014112400,3
2014112401,2
2014112405,16
2014112406,44
2014112407,74
2014112408,75
2014112409,75
2014112410,69
2014112411,57
2014112412,58
2014112413,56
2014112414,60
2014112415,68
2014112416,73
2014112417,73
2014112418,74
2014112419,62
2014112420,49
2014112421,45
2014112422,26
2014112423,7
2014112500,6
2014112501,5
2014112502,3
2014112503,3
2014112504,3
2014112505,16
2014112506,45
2014112507,71
2014112508,74
2014112509,74
2014112510,68
2014112511,60
2014112512,50
2014112513,48
2014112514,50
2014112515,61
2014112516,64
2014112517,66
2014112518,67
2014112519,58
2014112520,46
2014112521,37
2014112522,30
2014112523,11
2014112600,11
2014112601,8
2014112602,6
2014112603,6
2014112604,6
2014112605,19
2014112606,44
2014112607,62
2014112608,64
2014112609,60
2014112610,59
2014112611,54
2014112612,50
2014112613,56
2014112614,60
2014112615,63
2014112616,66
2014112617,67
2014112618,68
2014112619,54
2014112620,48
2014112621,43
2014112622,28
2014112623,12
2014112700,10
2014112701,8
2014112702,6
2014112703,6
2014112704,5
2014112705,15
2014112706,47
2014112707,70
2014112708,71
2014112709,70
2014112710,65
2014112711,55
2014112712,49
2014112713,49
2014112714,48
2014112715,57
2014112716,66
2014112717,67
2014112718,67
2014112719,57
2014112720,43
2014112721,33
2014112722,27
2014112723,6
2014112800,4
2014112801,2
2014112802,1
2014112803,6
2014112804,6
2014112805,20
2014112806,51
2014112807,69
2014112808,71
2014112809,70
2014112810,67
2014112811,57
2014112812,57
2014112813,55
2014112814,56
2014112815,65
2014112816,70
2014112817,71
2014112818,70
2014112819,57
2014112820,49
2014112821,43
2014112822,29
2014112823,6
2014112900,4
2014112901,3
2014112905,11
2014112906,35
2014112907,47
2014112908,55
2014112909,60
2014112910,63
2014112911,60
2014112912,60
2014112913,62
2014112914,63
2014112915,64
2014112916,59
2014112917,55
2014112918,53
2014112919,49
2014112920,46
2014112921,41
2014112922,28
2014112923,7
2014113000,4
2014113001,2
2014113005,15
2014113006,38
2014113007,47
2014113008,50
2014113009,54
2014113010,60
2014113011,61
2014113012,63
2014113013,64
2014113014,61
2014113015,69
2014113016,63
2014113017,57
2014113018,56
2014113019,48
2014113020,43
2014113021,35
2014113022,25
2014113023,5
2014120100,4
2014120101,2
2014120105,16
2014120106,52
2014120107,73
2014120108,74
2014120109,73
2014120110,63
2014120111,50
2014120112,45
2014120113,49
2014120114,52
2014120115,60
2014120116,66
2014120117,66
2014120118,66
2014120119,57
2014120120,43
2014120121,39
2014120122,22
2014120123,4
2014120200,3
2014120201,2
2014120203,1
2014120204,1
2014120205,19
2014120206,47
2014120207,70
2014120208,72
2014120209,73
2014120210,68
2014120211,63
2014120212,59
2014120213,52
2014120214,56
2014120215,64
2014120216,68
2014120217,69
2014120218,67
2014120219,55
2014120220,46
2014120221,44
2014120222,24
2014120223,4
2014120300,3
2014120301,2
2014120302,1
2014120303,1
2014120304,1
2014120305,14
2014120306,45
2014120307,68
2014120308,70
2014120309,67
2014120310,65
2014120311,56
2014120312,55
2014120313,55
2014120314,54
2014120315,68
2014120316,71
2014120317,72
2014120318,71
2014120319,59
2014120320,46
2014120321,36
2014120322,20
2014120323,8
2014120400,4
2014120401,1
2014120402,1
2014120403,1
2014120404,1
2014120405,12
2014120406,36
2014120407,63
2014120408,65
2014120409,67
2014120410,64
2014120411,59
2014120412,53
2014120413,55
2014120414,56
2014120415,62
2014120416,69
2014120417,68
2014120418,68
2014120419,51
2014120420,42
2014120421,35
2014120422,23
2014120423,6
2014120500,4
2014120501,1
2014120502,1
2014120503,1
2014120504,1
2014120505,17
2014120506,47
2014120507,66
2014120508,69
2014120509,68
2014120510,63
2014120511,60
2014120512,55
2014120513,60
2014120514,58
2014120515,64
2014120516,71
2014120517,71
2014120518,69
2014120519,60
2014120520,47
2014120521,41
2014120522,26
2014120523,5
2014120600,4
2014120601,2
2014120602,1
2014120603,1
2014120604,1
2014120605,15
2014120606,36
2014120607,52
2014120608,59
2014120609,65
2014120610,65
2014120611,65
2014120612,62
2014120613,66
2014120614,66
2014120615,67
2014120616,57
2014120617,57
2014120618,55
2014120619,52
2014120620,48
2014120621,36
2014120622,26
2014120623,6
2014120700,5
2014120701,4
2014120702,3
2014120703,4
2014120704,4
2014120705,17
2014120706,31
2014120707,44
2014120708,51
2014120709,59
2014120710,66
2014120711,66
2014120712,67
2014120713,66
2014120714,64
2014120715,64
2014120716,53
2014120717,49
2014120718,46
2014120719,44
2014120720,43
2014120721,35
2014120722,25
2014120723,5
2014120800,5
2014120801,2
2014120802,2
2014120803,2
2014120804,2
2014120805,14
2014120806,43
2014120807,69
2014120808,70
2014120809,70
2014120810,69
2014120811,57
2014120812,52
2014120813,46
2014120814,49
2014120815,59
2014120816,71
2014120817,71
2014120818,71
2014120819,63
2014120820,48
2014120821,38
2014120822,23
2014120823,3
2014120900,3
2014120901,2
2014120902,1
2014120903,1
2014120904,1
2014120905,15
2014120906,43
2014120907,70
2014120908,70
2014120909,71
2014120910,66
2014120911,59
2014120912,56
2014120913,55
2014120914,57
2014120915,66
2014120916,71
2014120917,72
2014120918,74
2014120919,65
2014120920,52
2014120921,41
2014120922,27
2014120923,6
2014121000,4
2014121001,2
2014121004,1
2014121005,14
2014121006,49
2014121007,75
2014121008,75
2014121009,74
2014121010,70
2014121011,64
2014121012,57
2014121013,63
2014121014,62
2014121015,71
2014121016,74
2014121017,77
2014121018,75
2014121019,64
2014121020,51
2014121021,42
2014121022,25
2014121023,4
2014121100,3
2014121101,1
2014121103,1
2014121104,1
2014121105,14
2014121106,48
2014121107,64
2014121108,65
2014121109,64
2014121110,64
2014121111,63
2014121112,58
2014121113,55
2014121114,57
2014121115,65
2014121116,73
2014121117,74
2014121118,72
2014121119,61
2014121120,49
2014121121,40
2014121122,28
2014121123,6
2014121200,4
2014121201,2
2014121202,1
2014121203,1
2014121204,1
2014121205,16
2014121206,44
2014121207,72
2014121208,72
2014121209,72
2014121210,67
2014121211,62
2014121212,57
2014121213,54
2014121214,56
2014121215,64
2014121216,70
2014121217,71
2014121218,71
2014121219,60
2014121220,43
2014121221,36
2014121222,23
2014121223,5
2014121300,5
2014121301,2
2014121302,1
2014121303,1
2014121304,1
2014121305,15
2014121306,37
2014121307,52
2014121308,58
2014121309,64
2014121310,63
2014121311,65
2014121312,66
2014121313,65
2014121314,66
2014121315,66
2014121316,63
2014121317,53
2014121318,52
2014121319,51
2014121320,47
2014121321,39
2014121322,23
2014121323,7
2014121400,4
2014121401,1
2014121405,15
2014121406,40
2014121407,50
2014121408,54
2014121409,63
2014121410,68
2014121411,68
2014121412,68
2014121413,70
2014121414,70
2014121415,69
2014121416,62
2014121417,57
2014121418,55
2014121419,53
2014121420,48
2014121421,43
2014121422,21
2014121423,3
2014121500,3
2014121501,4
2014121502,2
2014121503,2
2014121504,2
2014121505,14
2014121506,50
2014121507,76
2014121508,74
2014121509,75
2014121510,73
2014121511,70
2014121512,58
2014121513,59
2014121514,52
2014121515,66
2014121516,74
2014121517,71
2014121518,70
2014121519,55
2014121520,47
2014121521,41
2014121522,21
2014121523,6
2014121600,5
2014121601,2
2014121602,1
2014121603,1
2014121604,2
2014121605,19
2014121606,48
2014121607,66
2014121608,71
2014121609,70
2014121610,68
2014121611,61
2014121612,55
2014121613,53
2014121614,55
2014121615,65
2014121616,71
2014121617,70
2014121618,65
2014121619,55
2014121620,43
2014121621,38
2014121622,26
2014121623,6
2014121700,6
2014121701,4
2014121702,1
2014121703,1
2014121704,2
2014121705,15
2014121706,47
2014121707,66
2014121708,69
2014121709,71
2014121710,71
2014121711,61
2014121712,56
2014121713,58
2014121714,57
2014121715,65
2014121716,75
2014121717,76
2014121718,76
2014121719,67
2014121720,52
2014121721,43
2014121722,32
2014121723,6
2014121800,5
2014121801,4
2014121802,1
2014121803,1
2014121804,1
2014121805,15
2014121806,50
2014121807,70
2014121808,70
2014121809,68
2014121810,64
2014121811,55
2014121812,49
2014121813,54
2014121814,59
2014121815,70
2014121816,73
2014121817,76
2014121818,76
2014121819,60
2014121820,52
2014121821,46
2014121822,29
2014121823,6
2014121900,3
2014121901,2
2014121902,2
2014121903,2
2014121904,2
2014121905,20
2014121906,50
2014121907,69
2014121908,71
2014121909,70
2014121910,67
2014121911,61
2014121912,60
2014121913,60
2014121914,64
2014121915,70
2014121916,74
2014121917,76
2014121918,73
2014121919,59
2014121920,52
2014121921,44
2014121922,24
2014121923,7
2014122000,6
2014122001,3
2014122002,1
2014122003,1
2014122004,1
2014122005,11
2014122006,34
2014122007,45
2014122008,51
2014122009,58
2014122010,59
2014122011,54
2014122012,55
2014122013,61
2014122014,64
2014122015,64
2014122016,65
2014122017,57
2014122018,54
2014122019,47
2014122020,42
2014122021,35
2014122022,24
2014122023,7
2014122100,5
2014122101,2
2014122102,1
2014122103,1
2014122104,1
2014122105,14
2014122106,36
2014122107,47
2014122108,50
2014122109,62
2014122110,64
2014122111,64
2014122112,64
2014122113,69
2014122114,69
2014122115,72
2014122116,65
2014122117,59
2014122118,55
2014122119,51
2014122120,48
2014122121,42
2014122122,22
2014122123,9
2014122200,6
2014122201,4
2014122202,1
2014122203,1
2014122204,1
2014122205,19
2014122206,50
2014122207,68
2014122208,65
2014122209,64
2014122210,64
2014122211,55
2014122212,51
2014122213,52
2014122214,59
2014122215,67
2014122216,76
2014122217,76
2014122218,74
2014122219,62
2014122220,49
2014122221,44
2014122222,23
2014122223,8
2014122300,6
2014122301,3
2014122302,1
2014122303,1
2014122304,3
2014122305,18
2014122306,49
2014122307,68
2014122308,70
2014122309,70
2014122310,67
2014122311,62
2014122312,57
2014122313,63
2014122314,60
2014122315,71
2014122316,73
2014122317,74
2014122318,74
2014122319,63
2014122320,52
2014122321,41
2014122322,26
2014122323,5
2014122400,4
2014122401,1
2014122402,1
2014122403,1
2014122404,1
2014122405,15
2014122406,50
2014122407,70
2014122408,75
2014122409,74
2014122410,71
2014122411,57
2014122412,49
2014122413,51
2014122414,55
2014122415,64
2014122416,72
2014122417,72
2014122418,71
2014122419,59
2014122420,48
2014122421,37
2014122422,30
2014122423,7
2014122500,3
2014122501,3
2014122502,1
2014122503,1
2014122504,1
2014122505,16
2014122506,43
2014122507,68
2014122508,67
2014122509,67
2014122510,66
2014122511,58
2014122512,54
2014122513,55
2014122514,58
2014122515,69
2014122516,72
2014122517,72
2014122518,72
2014122519,58
2014122520,53
2014122521,44
2014122522,24
2014122523,5
2014122600,6
2014122601,2
2014122602,1
2014122603,1
2014122604,1
2014122605,14
2014122606,50
2014122607,68
2014122608,70
2014122609,68
2014122610,67
2014122611,54
2014122612,54
2014122613,55
2014122614,55
2014122615,67
2014122616,70
2014122617,70
2014122618,70
2014122619,62
2014122620,48
2014122621,42
2014122622,23
2014122623,6
2014122700,6
2014122701,3
2014122702,1
2014122703,1
2014122704,1
2014122705,17
2014122706,42
2014122707,49
2014122708,54
2014122709,58
2014122710,59
2014122711,56
2014122712,57
2014122713,62
2014122714,62
2014122715,61
2014122716,59
2014122717,58
2014122718,55
2014122719,52
2014122720,47
2014122721,43
2014122722,28
2014122723,5
2014122800,3
2014122801,1
2014122802,1
2014122803,1
2014122804,1
2014122805,13
2014122806,34
2014122807,41
2014122808,52
2014122809,57
2014122810,60
2014122811,58
2014122812,59
2014122813,61
2014122814,61
2014122815,64
2014122816,60
2014122817,54
2014122818,53
2014122819,49
2014122820,46
2014122821,39
2014122822,23
2014122823,9
2014122900,5
2014122901,2
2014122902,1
2014122903,1
2014122904,1
2014122905,15
2014122906,45
2014122907,66
2014122908,67
2014122909,66
2014122910,66
2014122911,61
2014122912,58
2014122913,58
2014122914,59
2014122915,68
2014122916,74
2014122917,73
2014122918,71
2014122919,57
2014122920,50
2014122921,43
2014122922,24
2014122923,6
2014123000,5
2014123001,4
2014123002,1
2014123003,1
2014123004,1
2014123005,14
2014123006,41
2014123007,62
2014123008,67
2014123009,64
2014123010,60
2014123011,51
2014123012,47
2014123013,46
2014123014,57
2014123015,68
2014123016,76
2014123017,76
2014123018,74
2014123019,60
2014123020,47
2014123021,41
2014123022,20
2014123023,7
2014123100,5
2014123101,3
2014123102,1
2014123103,1
2014123105,15
2014123106,48
2014123107,70
2014123108,72
2014123109,71
2014123110,71
2014123111,68
2014123112,59
2014123113,56
2014123114,64
2014123115,71
2014123116,75
2014123117,76
2014123118,75
2014123119,64
2014123120,56
2014123121,46
2014123122,32
2014123123,13
