2014091208,4775
2014091708,4708
2014091508,4666
2014082508,4622
2014112408,4592
2014090308,4566
2014091008,4461
2014091607,4426
2014082808,4426
2014091507,4422
2014080408,4422
2014090508,4371
2014092608,4369
2014091608,4350
2014092208,4346
2014111908,4346
2014081908,4331
2014091207,4287
2014120108,4277
2014080508,4271
2014090108,4257
2014091108,4229
2014121008,4227
2014112508,4224
2014111808,4201
2014111708,4197
2014090908,4192
2014090208,4170
2014090107,4164
2014090207,4151
2014090408,4141
2014102808,4121
2014090307,4120
2014122408,4116
2014091808,4115
2014102908,4110
2014080708,4110
2014080108,4109
2014121508,4104
2014082608,4097
2014092407,4081
2014121908,4068
2014101508,4065
2014110508,4056
2014080608,4055
2014112008,4046
2014111707,4040
2014111008,4032
2014092408,4032
2014111308,4031
2014112407,4025
2014081408,4018
2014123108,4015
2014090407,4013
2014112708,4011
2014082108,4008
2014112108,4007
2014082708,4000
2014110308,3990
2014082908,3989
2014111108,3987
2014121808,3981
2014120508,3978
2014112808,3978
2014091908,3975
2014122217,3973
2014122608,3960
2014120208,3954
2014091007,3951
2014121608,3947
2014121708,3945
2014092607,3936
2014120908,3932
2014092508,3928
2014091707,3928
2014082208,3922
2014121208,3911
2014111408,3910
2014120308,3908
2014122508,3908
2014080808,3899
2014101308,3898
2014123008,3898
2014102108,3887
2014082507,3882
2014122908,3877
2014102208,3868
2014122308,3863
2014111807,3858
2014121507,3854
2014102907,3835
2014092908,3835
2014101108,3822
2014110408,3819
2014102707,3819
2014120107,3816
2014102408,3807
2014111107,3801
2014092308,3800
2014103008,3795
2014092507,3790
2014090507,3790
2014100808,3751
2014091907,3747
2014110708,3741
2014112608,3739
2014102708,3731
2014090907,3725
2014080407,3719
2014121108,3719
2014112707,3702
2014091807,3698
2014103108,3697
2014101307,3690
2014102308,3685
2014120408,3678
2014120808,3677
2014111907,3668
2014100807,3666
2014092307,3660
2014101408,3647
2014111307,3646
2014091218,3646
2014121007,3639
2014121807,3635
2014120207,3634
2014112007,3622
2014101707,3620
2014081907,3619
2014091107,3618
2014101008,3610
2014110307,3610
2014091017,3609
2014102107,3608
2014092207,3601
2014112807,3598
2014123117,3598
2014100907,3591
2014090417,3572
2014122307,3559
2014122208,3557
2014121207,3556
2014091517,3540
2014111407,3540
2014112017,3534
2014101608,3530
2014092808,3528
2014110507,3519
2014102807,3517
2014103107,3514
2014103007,3510
2014121717,3509
2014112507,3508
2014102307,3503
2014091018,3501
2014092907,3501
2014122907,3500
2014112418,3500
2014102207,3490
2014101708,3487
2014102008,3487
2014121707,3482
2014111208,3471
2014103118,3462
2014121017,3457
2014100908,3449
2014090318,3444
2014081407,3434
2014122407,3432
2014101407,3429
2014120807,3427
2014112107,3425
2014112417,3417
2014090118,3414
2014111417,3414
2014092807,3412
2014122317,3400
2014121107,3400
2014082607,3397
2014082518,3395
2014122207,3392
2014112118,3391
2014090218,3385
2014101007,3381
2014121718,3378
2014090418,3374
2014090217,3374
2014111418,3373
2014122617,3371
2014121117,3361
2014091217,3358
2014111007,3347
2014110317,3345
2014123017,3343
2014092517,3337
2014103017,3335
2014112518,3329
2014123107,3326
2014111717,3325
2014122517,3324
2014122216,3321
2014121917,3321
2014120918,3319
2014112817,3317
2014120518,3310
2014093017,3306
2014112117,3304
2014080107,3303
2014102407,3298
2014110407,3297
2014082807,3296
2014122507,3293
2014121907,3288
2014092617,3284
2014111817,3282
2014122607,3276
2014123007,3276
2014122417,3271
2014093008,3266
2014103117,3264
2014120507,3262
2014110707,3260
2014080807,3259
2014120517,3258
2014091718,3250
2014102018,3247
2014082008,3242
2014111918,3239
2014121607,3237
2014102417,3232
2014082218,3231
2014122418,3230
2014120917,3229
2014120217,3228
2014120307,3226
2014101518,3225
2014082618,3217
2014080707,3205
2014111818,3199
2014122918,3192
2014091118,3191
2014110608,3189
2014091717,3186
2014121517,3185
2014082717,3180
2014121817,3180
2014080818,3177
2014102817,3172
2014091617,3168
2014090518,3167
2014110517,3166
2014111718,3161
2014100917,3161
2014080118,3159
2014102917,3158
2014111207,3157
2014120117,3154
2014092218,3144
2014090918,3143
2014122318,3141
2014121218,3139
2014082707,3137
2014092418,3132
2014101507,3131
2014112607,3130
2014091117,3130
2014090117,3127
2014082308,3125
2014111218,3125
2014081418,3122
2014091818,3118
2014101107,3114
2014120317,3107
2014101017,3104
2014110417,3096
2014082907,3095
2014092618,3095
2014082207,3093
2014101607,3093
2014120907,3087
2014121617,3086
2014090317,3083
2014121217,3082
2014110717,3077
2014100918,3075
2014112517,3074
2014080507,3071
2014092217,3063
2014102818,3062
2014083008,3060
2014110418,3058
2014111508,3058
2014122518,3054
2014110318,3053
2014102718,3044
2014111117,3043
2014120407,3040
2014110607,3039
2014101718,3039
2014091817,3028
2014082718,3026
2014091618,3025
2014091308,3023
2014082609,3015
2014102007,3015
2014080418,3012
2014090517,3011
2014082517,3009
2014081918,3008
2014092318,2999
2014123118,2996
2014102918,2993
2014080718,2984
2014080618,2982
2014112717,2981
2014103018,2980
2014111917,2975
2014091509,2969
2014120118,2968
2014101517,2966
2014100817,2966
2014102117,2964
2014123018,2961
2014091918,2961
2014120817,2956
2014090609,2955
2014102118,2954
2014121018,2954
2014102418,2952
2014112018,2951
2014111017,2949
2014120318,2941
2014090917,2938
2014082918,2929
2014112109,2928
2014111018,2925
2014090608,2925
2014112617,2923
2014120418,2922
2014092917,2916
2014091009,2914
2014092918,2911
2014120818,2911
2014092008,2911
2014112718,2909
2014082909,2906
2014121818,2902
2014082007,2901
2014122409,2898
2014092817,2897
2014122917,2896
2014102717,2895
2014090509,2890
2014101618,2888
2014080607,2888
2014091209,2881
2014121518,2880
2014080709,2878
2014091518,2875
2014111118,2875
2014111217,2872
2014122618,2871
2014121118,2867
2014080117,2863
2014110617,2862
2014101717,2861
2014090309,2860
2014080518,2857
2014092317,2855
2014092818,2854
2014080617,2854
2014122309,2853
2014110718,2851
2014082809,2851
2014101417,2851
2014111709,2836
2014080717,2830
2014092518,2827
2014082107,2821
2014110108,2819
2014080817,2818
2014090209,2813
2014100818,2811
2014101617,2810
2014091917,2808
2014112009,2807
2014123116,2802
2014121918,2801
2014082018,2799
2014120417,2798
2014121414,2797
2014102317,2792
2014110518,2791
2014082217,2788
2014082917,2788
2014120608,2785
2014101317,2780
2014123109,2779
2014091709,2774
2014102318,2770
2014111317,2768
2014082617,2763
2014080417,2763
2014122909,2760
2014082509,2757
2014080908,2756
2014101117,2755
2014112208,2754
2014101418,2753
2014082818,2753
2014092417,2749
2014111509,2743
2014101318,2742
2014101309,2741
2014111318,2740
2014080208,2739
2014112618,2735
2014080809,2730
2014091609,2728
2014121209,2719
2014102017,2712
2014093018,2712
2014122218,2708
2014080109,2707
2014081417,2705
2014090109,2705
2014112917,2704
2014111109,2702
2014081608,2699
2014101018,2694
2014121709,2690
2014092709,2689
2014091309,2687
2014120909,2685
2014111309,2677
2014121116,2674
2014121916,2668
2014111716,2661
2014102217,2660
2014121809,2658
2014090409,2657
2014101808,2652
2014090709,2652
2014122609,2648
2014102218,2648
2014083009,2641
2014111809,2636
2014101009,2636
2014112818,2635
2014121609,2628
2014091809,2626
2014092409,2624
2014081909,2615
2014120516,2614
2014102508,2610
2014082709,2606
2014121109,2606
2014120218,2601
2014112509,2596
2014111909,2594
2014082817,2591
2014101709,2588
2014080517,2587
2014091409,2581
2014122316,2580
2014092609,2580
2014102409,2579
2014093007,2577
2014082009,2576
2014112316,2575
2014122516,2569
2014082309,2565
2014082209,2565
2014112416,2561
2014110509,2554
2014122008,2554
2014082117,2553
2014112908,2551
2014122916,2547
2014091516,2544
2014082109,2541
2014091216,2541
2014110618,2541
2014110309,2536
2014080609,2535
2014092209,2534
2014102809,2533
2014121909,2530
2014080209,2530
2014103116,2528
2014092708,2524
2014080409,2514
2014091016,2514
2014103009,2512
2014112409,2512
2014111409,2511
2014121509,2508
2014112809,2508
2014123016,2507
2014090316,2507
2014121009,2504
2014101118,2502
2014122114,2499
2014090516,2498
2014091109,2496
2014112709,2496
2014121413,2496
2014122017,2492
2014091317,2491
2014101809,2489
2014080909,2477
2014121618,2474
2014112116,2473
2014120618,2473
2014103016,2460
2014123009,2460
2014111416,2459
2014112909,2459
2014092309,2456
2014112210,2456
2014091909,2455
2014121308,2455
2014092009,2453
2014083017,2446
2014092509,2442
2014122016,2441
2014090909,2440
2014120609,2438
2014112217,2434
2014120614,2432
2014112016,2431
2014092216,2430
2014082408,2426
2014121716,2425
2014090116,2425
2014122115,2424
2014082017,2421
2014122117,2419
2014111009,2418
2014102709,2408
2014102416,2399
2014090610,2395
2014111916,2390
2014120109,2390
2014121417,2385
2014121016,2384
2014101409,2384
2014102109,2382
2014100708,2380
2014111816,2380
2014122509,2379
2014102816,2377
2014101509,2376
2014080217,2376
2014122416,2375
2014111617,2375
2014082318,2374
2014112314,2372
2014122616,2367
2014103109,2365
2014101109,2365
2014100809,2364
2014090416,2363
2014112218,2362
2014122018,2355
2014082118,2352
2014102309,2350
2014110109,2350
2014120613,2350
2014122209,2347
2014112209,2344
2014081609,2342
2014120409,2338
2014112918,2338
2014083108,2336
2014083109,2336
2014123115,2336
2014083018,2333
2014081709,2333
2014111116,2332
2014082409,2331
2014112214,2330
2014120617,2329
2014090216,2329
2014121616,2328
2014123110,2328
2014120209,2326
2014090916,2325
2014121410,2325
2014112317,2320
2014091408,2318
2014082417,2318
2014102909,2317
2014112816,2317
2014110409,2316
2014121216,2315
2014081708,2312
2014092109,2312
2014091716,2310
2014100909,2310
2014100608,2309
2014102916,2308
2014110316,2306
2014110716,2306
2014113016,2306
2014123114,2302
2014101516,2301
2014092909,2300
2014102209,2296
2014093016,2295
2014112315,2292
2014110709,2292
2014081409,2289
2014113015,2286
2014090110,2285
2014110117,2285
2014111209,2285
2014081617,2279
2014083007,2270
2014101817,2267
2014120809,2267
2014091418,2264
2014090710,2264
2014111216,2262
2014110215,2262
2014110609,2258
2014112213,2258
2014111514,2257
2014110416,2252
2014102009,2251
2014120116,2251
2014092516,2249
2014120309,2249
2014122116,2247
2014121309,2247
2014080710,2246
2014112716,2245
2014102617,2242
2014091316,2241
2014091616,2234
2014092117,2233
2014111510,2233
2014091310,2232
2014122615,2231
2014112616,2230
2014111615,2227
2014100916,2224
2014111517,2224
2014110110,2222
2014102116,2222
2014091410,2220
2014090410,2220
2014122014,2218
2014121915,2217
2014080509,2215
2014093009,2212
2014121416,2211
2014122215,2209
2014092809,2207
2014112609,2206
2014120611,2206
2014123111,2203
2014121412,2201
2014120615,2201
2014120509,2200
2014120616,2199
2014121714,2197
2014121415,2195
2014092108,2195
2014120610,2194
2014110516,2191
2014121318,2189
2014080308,2186
2014091307,2184
2014122113,2184
2014111614,2183
2014091318,2183
2014122914,2182
2014122515,2181
2014121215,2180
2014101616,2175
2014122817,2175
2014082314,2173
2014122610,2172
2014122708,2171
2014122110,2170
2014082716,2170
2014113017,2169
2014083116,2169
2014112216,2168
2014110213,2165
2014121316,2165
2014080816,2164
2014082317,2163
2014113010,2161
2014091417,2158
2014081008,2158
2014082610,2157
2014100717,2156
2014090310,2155
2014120515,2155
2014101016,2153
2014111410,2152
2014091416,2152
2014122015,2151
2014092416,2151
2014100709,2151
2014122514,2149
2014101810,2147
2014111016,2147
2014110914,2142
2014092410,2142
2014121315,2141
2014110616,2141
2014111616,2141
2014092114,2140
2014111613,2140
2014092115,2138
2014121314,2135
2014110214,2135
2014102509,2132
2014102614,2132
2014121015,2131
2014090910,2130
2014101716,2128
2014081718,2128
2014082516,2127
2014121418,2126
2014103115,2126
2014111710,2124
2014122718,2123
2014120916,2123
2014081009,2122
2014121510,2122
2014122315,2120
2014121516,2120
2014102616,2119
2014091916,2119
2014100109,2119
2014120316,2118
2014110916,2117
2014110118,2116
2014091116,2113
2014082910,2112
2014100110,2112
2014080819,2111
2014082916,2111
2014121816,2111
2014122415,2110
2014083114,2110
2014111415,2110
2014110818,2107
2014121914,2107
2014121014,2106
2014092017,2105
2014112115,2104
2014081010,2104
2014081917,2104
2014121313,2103
2014121710,2101
2014113018,2098
2014083110,2097
2014091315,2096
2014090419,2096
2014092018,2096
2014092816,2094
2014112309,2094
2014080317,2093
2014102216,2092
2014081919,2091
2014110209,2090
2014091816,2089
2014101818,2089
2014112410,2088
2014112215,2088
2014102517,2086
2014082315,2084
2014123015,2083
2014082310,2082
2014101609,2082
2014112110,2082
2014092616,2080
2014120216,2078
2014110217,2078
2014083117,2077
2014091311,2075
2014082210,2075
2014091415,2073
2014091510,2071
2014081416,2071
2014121312,2068
2014112310,2068
2014081017,2068
2014090617,2067
2014120816,2067
2014112318,2067
2014110715,2066
2014102316,2066
2014082215,2065
2014111618,2064
2014082519,2064
2014121310,2063
2014100209,2061
2014102615,2061
2014082307,2060
2014121115,2059
2014081717,2056
2014091215,2056
2014090817,2056
2014090215,2055
2014102415,2055
2014122613,2054
2014123113,2053
2014122012,2052
2014122118,2051
2014101813,2048
2014091314,2047
2014122717,2047
2014101811,2047
2014122214,2047
2014120416,2047
2014121409,2046
2014101209,2043
2014101416,2042
2014082810,2042
2014113009,2041
2014080615,2041
2014111215,2041
2014122915,2040
2014112516,2040
2014090519,2040
2014101918,2037
2014122810,2035
2014090708,2034
2014110817,2033
2014113013,2032
2014111414,2032
2014100714,2031
2014090515,2031
2014122818,2030
2014083118,2030
2014120910,2028
2014122112,2028
2014122410,2027
2014110208,2026
2014112114,2024
2014112211,2020
2014110210,2018
2014121317,2018
2014090717,2018
2014122814,2016
2014112510,2016
2014122815,2016
2014112914,2016
2014092016,2014
2014110216,2014
2014120510,2013
2014111419,2012
2014091015,2011
2014112015,2009
2014122111,2009
2014110917,2009
2014100715,2008
2014082510,2007
2014083010,2005
2014122313,2004
2014080110,2003
2014083115,2002
2014121408,2001
2014111611,2001
2014120415,1998
2014102608,1997
2014080719,1997
2014083016,1997
2014110515,1996
2014090814,1993
2014113014,1993
2014080910,1992
2014102514,1991
2014080810,1991
2014090315,1990
2014091919,1990
2014101916,1990
2014091114,1990
2014110218,1990
2014080918,1989
2014090618,1989
2014100816,1989
2014080318,1989
2014120513,1989
2014090611,1988
2014080614,1988
2014091210,1988
2014121515,1988
2014122611,1986
2014091715,1985
2014083111,1985
2014122010,1983
2014101216,1983
2014091214,1982
2014092710,1981
2014082214,1980
2014082411,1980
2014121010,1979
2014090415,1978
2014102716,1978
2014091206,1977
2014090613,1977
2014121210,1975
2014092116,1974
2014101210,1974
2014092118,1974
2014112311,1974
2014122009,1972
2014101917,1972
2014100915,1971
2014100210,1971
2014102516,1968
2014100108,1967
2014120714,1967
2014091412,1967
2014122109,1966
2014081710,1965
2014120410,1965
2014082418,1965
2014092510,1964
2014091211,1962
2014110115,1962
2014091413,1962
2014122816,1961
2014112415,1961
2014111515,1961
2014090714,1961
2014091414,1960
2014102510,1959
2014092718,1958
2014100617,1958
2014100716,1957
2014080616,1957
2014122311,1957
2014082313,1956
2014110116,1956
2014083011,1956
2014090210,1955
2014083013,1953
2014091010,1951
2014112913,1951
2014092916,1950
2014102910,1948
2014111511,1948
2014110808,1948
2014121311,1948
2014112313,1947
2014111815,1946
2014101208,1946
2014080207,1945
2014102613,1945
2014121513,1944
2014081607,1943
2014082414,1943
2014111316,1942
2014103014,1942
2014091014,1941
2014112916,1941
2014110114,1941
2014111010,1940
2014122910,1940
2014121214,1939
2014092214,1939
2014111516,1938
2014091810,1938
2014101807,1937
2014121715,1937
2014110510,1935
2014081714,1935
2014112910,1935
2014083014,1935
2014121810,1935
2014080210,1934
2014110111,1933
2014080415,1933
2014111015,1933
2014091312,1933
2014092010,1932
2014120215,1931
2014122614,1931
2014082110,1931
2014100618,1930
2014100609,1930
2014090607,1930
2014100208,1929
2014101316,1928
2014082416,1927
2014101915,1926
2014091110,1926
2014090115,1926
2014121511,1926
2014102618,1925
2014122913,1925
2014112814,1924
2014111512,1924
2014082715,1923
2014101310,1921
2014122013,1918
2014122510,1918
2014121114,1917
2014090815,1917
2014092007,1916
2014091219,1915
2014090414,1915
2014080119,1914
2014082719,1914
2014120717,1914
2014111513,1914
2014120911,1914
2014082616,1913
2014080316,1912
2014101116,1910
2014081410,1910
2014121110,1909
2014082415,1907
2014092707,1903
2014112212,1901
2014113008,1901
2014093010,1901
2014080610,1901
2014082911,1900
2014082219,1900
2014092714,1900
2014090411,1899
2014090214,1899
2014080907,1897
2014101217,1897
2014090514,1897
2014101914,1897
2014092615,1897
2014110915,1896
2014100214,1895
2014081411,1895
2014092215,1894
2014112014,1894
2014122314,1893
2014080116,1892
2014111310,1892
2014121013,1892
2014082316,1892
2014100718,1892
2014082914,1891
2014090816,1891
2014120914,1891
2014092316,1890
2014082615,1890
2014082811,1889
2014123112,1889
2014092711,1889
2014111914,1887
2014101816,1887
2014103119,1885
2014101715,1885
2014101213,1885
2014121815,1885
2014080815,1883
2014081614,1883
2014111813,1883
2014091814,1883
2014111507,1882
2014122310,1882
2014120612,1882
2014112207,1881
2014111810,1880
2014110113,1879
2014100615,1879
2014122709,1879
2014082514,1878
2014113011,1877
2014110815,1876
2014121610,1876
2014102410,1876
2014110315,1875
2014120715,1874
2014091515,1873
2014100710,1871
2014102915,1871
2014101814,1871
2014121913,1870
2014091019,1870
2014091213,1869
2014090713,1868
2014122813,1868
2014111518,1868
2014080814,1867
2014081610,1867
2014090913,1867
2014091119,1866
2014090715,1865
2014103010,1865
2014082915,1864
2014092415,1864
2014100616,1863
2014080115,1862
2014102518,1862
2014120514,1862
2014122716,1862
2014082919,1862
2014101812,1861
2014101909,1860
2014092210,1860
2014092519,1859
2014112911,1859
2014111714,1859
2014102515,1858
2014080114,1858
2014080314,1858
2014111811,1855
2014082410,1855
2014110415,1855
2014102016,1854
2014090319,1853
2014101214,1852
2014112614,1852
2014122713,1850
2014090810,1850
2014121011,1850
2014121411,1849
2014082511,1849
2014081419,1848
2014090615,1846
2014102609,1844
2014092919,1842
2014113012,1842
2014111715,1841
2014090614,1841
2014123010,1840
2014092110,1838
2014122213,1838
2014110714,1837
2014102611,1836
2014090520,1836
2014122714,1835
2014120915,1835
2014092015,1834
2014091719,1834
2014081716,1834
2014112710,1834
2014121910,1834
2014122414,1834
2014112810,1834
2014080619,1833
2014120315,1833
2014110414,1833
2014122108,1833
2014102511,1832
2014101515,1831
2014120110,1830
2014112912,1829
2014111412,1828
2014081414,1827
2014081618,1826
2014112915,1826
2014120810,1825
2014081910,1824
2014102610,1823
2014091910,1823
2014091519,1821
2014121113,1821
2014120607,1818
2014081415,1817
2014103015,1817
2014091011,1817
2014112111,1817
2014110511,1816
2014112815,1815
2014122710,1815
2014080716,1814
2014081616,1814
2014090711,1814
2014111610,1813
2014111913,1812
2014110909,1811
2014112010,1811
2014080216,1810
2014101015,1810
2014080917,1809
2014101910,1808
2014110112,1808
2014092717,1808
2014081014,1807
2014090413,1807
2014092112,1806
2014110918,1806
2014081711,1806
2014111911,1806
2014081613,1806
2014112811,1806
2014081715,1805
2014080813,1805
2014082710,1804
2014090206,1804
2014090809,1803
2014090919,1803
2014120511,1801
2014111915,1801
2014081615,1801
2014110810,1801
2014090915,1800
2014112308,1800
2014092419,1799
2014090716,1798
2014082713,1798
2014102814,1795
2014121614,1794
2014110211,1794
2014110719,1793
2014103110,1793
2014110212,1793
2014110816,1793
2014080519,1792
2014111910,1791
2014102715,1788
2014091212,1788
2014090510,1788
2014100215,1787
2014102215,1787
2014081016,1787
2014120115,1786
2014123014,1786
2014082116,1785
2014120814,1785
2014091115,1784
2014100213,1784
2014082513,1783
2014080516,1781
2014112515,1779
2014081916,1779
2014080410,1779
2014121919,1778
2014090219,1778
2014091511,1777
2014092610,1776
2014111814,1776
2014092310,1776
2014111111,1776
2014120210,1775
2014101815,1774
2014081915,1774
2014100508,1771
2014081011,1771
2014100614,1771
2014121615,1770
2014080309,1767
2014112414,1765
2014121814,1765
2014122812,1764
2014100309,1763
2014120708,1763
2014120519,1763
2014082619,1763
2014111114,1762
2014091411,1761
2014082407,1761
2014090114,1761
2014092113,1759
2014090712,1759
2014092514,1759
2014080811,1759
2014123119,1759
2014122911,1758
2014112610,1757
2014100810,1757
2014102507,1757
2014090314,1756
2014090914,1756
2014111311,1756
2014122011,1756
2014102010,1755
2014090616,1755
2014102414,1754
2014101010,1753
2014120713,1753
2014120214,1753
2014122715,1752
2014090820,1751
2014082711,1750
2014081012,1750
2014122210,1749
2014082311,1749
2014090506,1748
2014082506,1748
2014101014,1748
2014101510,1746
2014091714,1746
2014081015,1746
2014092619,1745
2014092515,1745
2014122413,1745
2014122811,1745
2014092013,1744
2014110410,1743
2014082111,1743
2014101110,1742
2014100509,1741
2014120314,1739
2014083019,1739
2014110910,1738
2014121213,1738
2014101615,1738
2014100111,1737
2014092713,1737
2014090111,1737
2014082613,1736
2014121419,1736
2014112615,1735
2014090406,1735
2014101710,1734
2014111210,1732
2014090313,1731
2014101218,1731
2014121019,1730
2014091710,1730
2014100712,1728
2014110912,1727
2014082816,1727
2014090106,1726
2014111214,1726
2014090911,1726
2014111608,1726
2014091506,1726
2014110814,1726
2014121711,1725
2014102815,1725
2014101215,1724
2014090906,1722
2014082419,1722
2014110911,1722
2014082016,1721
2014090513,1720
2014120512,1720
2014082213,1719
2014121719,1717
2014082216,1716
2014093019,1716
2014110310,1715
2014091407,1714
2014101415,1714
2014092810,1714
2014111413,1713
2014120213,1713
2014092716,1713
2014091419,1712
2014102513,1712
2014083015,1711
2014102214,1711
2014122912,1710
2014083112,1709
2014121911,1709
2014090718,1709
2014092219,1708
2014120716,1707
2014081713,1707
2014100910,1706
2014080218,1705
2014100216,1704
2014121819,1704
2014101719,1703
2014101913,1703
2014092111,1703
2014110913,1702
2014100713,1701
2014110514,1700
2014121713,1700
2014122513,1700
2014122808,1699
2014112907,1699
2014112113,1699
2014080711,1698
2014101211,1698
2014090311,1698
2014102612,1697
2014092011,1696
2014100711,1696
2014091610,1695
2014092012,1695
2014120711,1692
2014081707,1692
2014102810,1691
2014112019,1691
2014091111,1691
2014102119,1690
2014122619,1689
2014102419,1689
2014103114,1688
2014091313,1688
2014080310,1688
2014082413,1688
2014100815,1688
2014091906,1687
2014091012,1686
2014100211,1685
2014092315,1684
2014082912,1684
2014120712,1683
2014081019,1683
2014111919,1683
2014080611,1682
2014083107,1681
2014111113,1680
2014101514,1679
2014091615,1679
2014111315,1678
2014080113,1678
2014111110,1677
2014111609,1677
2014082312,1677
2014091606,1677
2014112513,1677
2014110107,1676
2014112813,1675
2014091915,1674
2014091106,1674
2014091819,1673
2014121613,1673
2014122411,1670
2014121611,1669
2014080416,1669
2014121119,1669
2014092014,1668
2014112312,1668
2014120815,1668
2014101911,1667
2014080612,1667
2014120310,1667
2014090612,1667
2014122809,1667
2014083012,1666
2014111314,1665
2014091614,1664
2014092614,1664
2014080413,1664
2014100310,1663
2014080510,1663
2014090707,1663
2014111014,1662
2014112013,1662
2014101011,1661
2014092513,1659
2014082614,1658
2014081018,1658
2014110314,1657
2014080715,1657
2014092119,1656
2014082714,1655
2014102315,1655
2014092815,1655
2014123019,1655
2014122119,1655
2014121307,1654
2014083113,1654
2014111115,1654
2014092613,1653
2014081611,1653
2014103113,1652
2014081911,1651
2014100819,1651
2014092414,1651
2014092411,1650
2014082812,1649
2014080414,1649
2014112011,1647
2014090819,1647
2014081013,1647
2014091706,1644
2014082319,1644
2014080313,1642
2014090912,1642
2014092413,1641
2014112819,1640
2014122419,1640
2014120414,1639
2014120211,1639
2014112812,1636
2014100212,1636
2014082211,1633
2014121712,1631
2014081619,1631
2014080812,1631
2014121211,1631
2014080515,1629
2014121514,1629
2014122211,1629
2014082515,1627
2014092915,1627
2014120114,1626
2014110513,1626
2014100217,1625
2014100814,1625
2014080514,1624
2014100115,1624
2014122511,1623
2014122712,1622
2014121813,1621
2014091514,1621
2014112119,1620
2014122312,1620
2014122711,1620
2014092406,1620
2014091619,1619
2014090420,1618
2014080911,1618
2014080315,1617
2014082913,1614
2014122612,1613
2014092319,1613
2014112715,1613
2014110615,1612
2014110813,1612
2014090306,1612
2014112519,1612
2014100317,1611
2014120718,1611
2014081920,1609
2014102411,1609
2014090211,1608
2014080212,1608
2014102115,1605
2014101315,1604
2014080214,1604
2014112619,1603
2014090112,1603
2014112112,1603
2014121512,1601
2014101919,1600
2014111119,1600
2014110811,1599
2014091713,1599
2014120709,1599
2014100610,1598
2014102219,1597
2014110809,1597
2014090511,1597
2014120913,1597
2014090113,1596
2014100518,1596
2014111411,1596
2014101912,1595
2014110713,1595
2014102919,1594
2014101513,1594
2014082420,1594
2014121111,1594
2014110710,1593
2014091319,1593
2014102015,1590
2014111719,1589
2014122519,1589
2014111711,1588
2014112613,1587
2014080913,1585
2014122319,1584
2014092910,1584
2014111112,1583
2014093015,1583
2014111713,1582
2014100116,1582
2014091113,1581
2014080912,1581
2014090720,1581
2014110812,1581
2014091811,1580
2014090213,1579
2014080111,1579
2014091220,1578
2014080215,1577
2014080916,1577
2014080613,1576
2014102210,1576
2014122412,1575
2014121811,1575
2014091813,1575
2014120710,1575
2014102014,1574
2014121212,1574
2014092715,1572
2014101414,1571
2014080419,1571
2014122707,1570
2014120413,1570
2014122919,1570
2014090119,1568
2014091815,1568
2014100114,1567
2014100418,1567
2014100314,1566
2014100308,1565
2014101519,1565
2014080311,1565
2014120811,1564
2014102413,1564
2014102314,1563
2014080712,1563
2014101119,1563
2014080914,1562
2014101908,1560
2014091006,1559
2014080411,1559
2014120212,1558
2014102914,1558
2014092914,1557
2014090808,1557
2014081712,1556
2014121219,1556
2014080112,1554
2014122219,1553
2014123120,1553
2014121912,1553
2014102013,1552
2014112511,1551
2014101610,1551
2014082512,1550
2014102512,1549
2014110908,1548
2014081612,1548
2014102710,1547
2014112413,1547
2014082612,1547
2014100117,1546
2014091911,1545
2014081921,1545
2014080511,1544
2014092611,1544
2014110819,1544
2014120313,1543
2014080420,1543
2014110419,1542
2014091913,1541
2014111612,1540
2014112411,1540
2014082611,1540
2014101113,1538
2014080120,1537
2014110512,1536
2014100318,1535
2014111213,1534
2014080915,1534
2014102811,1533
2014083020,1533
2014091513,1532
2014112514,1531
2014123011,1531
2014112421,1531
2014092712,1530
2014100517,1529
2014080211,1528
2014092511,1528
2014082019,1526
2014111912,1526
2014100410,1525
2014120919,1523
2014101410,1523
2014102110,1522
2014123012,1520
2014091914,1520
2014080713,1519
2014123121,1519
2014092306,1519
2014111819,1518
2014111712,1517
2014083119,1516
2014092412,1516
2014112012,1515
2014112319,1514
2014120106,1512
2014091120,1511
2014112611,1511
2014091711,1511
2014100113,1509
2014101114,1509
2014102619,1509
2014112806,1508
2014100806,1508
2014111011,1508
2014091013,1508
2014080213,1507
2014090512,1507
2014120311,1507
2014121612,1507
2014102310,1507
2014081020,1506
2014103111,1506
2014090818,1504
2014110413,1503
2014112714,1503
2014111519,1503
2014081007,1503
2014100914,1503
2014091112,1501
2014080513,1499
2014082220,1498
2014082520,1498
2014122020,1497
2014092211,1497
2014092314,1495
2014080319,1494
2014123013,1493
2014113019,1491
2014110313,1491
2014082815,1488
2014120113,1488
2014120619,1486
2014081413,1485
2014112419,1484
2014100516,1484
2014120412,1483
2014111013,1483
2014082412,1483
2014090312,1483
2014080307,1483
2014122520,1480
2014111312,1479
2014110614,1476
2014100316,1476
2014080220,1476
2014101115,1474
2014100619,1474
2014101713,1474
2014120411,1474
2014100409,1474
2014081720,1474
2014092612,1472
2014080320,1472
2014121112,1471
2014091020,1471
2014101212,1470
2014100811,1470
2014101714,1469
2014112719,1468
2014120319,1467
2014092606,1467
2014093014,1466
2014090821,1466
2014101314,1465
2014110411,1465
2014110219,1464
2014080412,1464
2014082819,1462
2014082112,1462
2014110412,1462
2014112412,1462
2014102319,1462
2014081912,1460
2014101711,1460
2014081620,1460
2014121619,1459
2014100315,1458
2014120812,1457
2014100613,1457
2014092311,1456
2014100218,1455
2014111520,1453
2014102713,1453
2014093011,1453
2014102412,1453
2014102714,1452
2014102819,1450
2014092819,1450
2014103013,1450
2014111313,1450
2014110311,1448
2014102311,1447
2014082814,1446
2014080312,1446
2014100311,1445
2014100607,1441
2014111019,1439
2014082720,1439
2014110319,1439
2014112219,1438
2014092814,1438
2014110712,1437
2014103011,1436
2014100313,1436
2014103019,1436
2014122212,1435
2014101613,1434
2014122007,1434
2014090813,1433
2014100707,1433
2014102813,1432
2014091611,1432
2014121319,1432
2014110613,1432
2014091920,1431
2014121519,1429
2014100812,1429
2014102913,1429
2014090212,1429
2014090620,1428
2014112711,1428
2014080714,1428
2014112820,1427
2014112307,1427
2014100913,1427
2014112919,1426
2014121812,1426
2014092719,1425
2014100112,1425
2014102607,1424
2014100919,1422
2014111906,1422
2014092019,1420
2014121012,1420
2014120920,1420
2014110306,1419
2014081412,1416
2014110519,1415
2014091613,1414
2014101611,1414
2014121920,1412
2014103112,1411
2014090120,1411
2014092313,1410
2014101614,1408
2014100515,1408
2014100514,1407
2014102019,1406
2014101511,1405
2014080406,1405
2014111211,1405
2014092212,1405
2014092913,1404
2014112920,1403
2014110919,1403
2014090920,1403
2014122512,1402
2014102313,1402
2014122019,1401
2014110619,1400
2014090412,1400
2014101019,1400
2014121407,1399
2014111619,1399
2014102711,1398
2014101411,1396
2014100611,1394
2014102211,1394
2014103006,1394
2014080821,1389
2014100813,1389
2014101207,1389
2014080620,1388
2014110807,1388
2014101111,1387
2014082906,1387
2014081719,1385
2014102812,1385
2014111812,1383
2014082010,1383
2014082015,1382
2014102806,1382
2014102011,1381
2014111620,1378
2014110711,1376
2014100107,1375
2014090220,1374
2014092213,1374
2014122206,1373
2014082620,1372
2014100417,1370
2014091806,1370
2014112612,1369
2014120119,1369
2014090320,1369
2014103106,1369
2014100408,1368
2014090811,1368
2014091420,1367
2014112220,1367
2014102006,1367
2014102719,1366
2014100414,1365
2014120819,1365
2014093020,1363
2014112420,1362
2014101619,1360
2014111420,1359
2014082114,1357
2014101819,1356
2014082115,1355
2014092107,1354
2014121420,1354
2014080221,1354
2014112713,1354
2014110312,1353
2014112821,1353
2014091221,1352
2014102906,1352
2014082221,1351
2014112706,1351
2014091812,1351
2014102114,1349
2014082706,1349
2014120813,1349
2014100513,1347
2014123020,1347
2014101112,1346
2014103012,1346
2014080720,1345
2014102706,1345
2014092813,1345
2014113020,1345
2014122220,1344
2014082806,1342
2014100510,1342
2014111212,1342
2014082119,1341
2014092720,1340
2014091612,1339
2014112620,1339
2014113007,1339
2014082320,1339
2014092911,1338
2014122620,1338
2014112406,1338
2014122120,1337
2014101020,1336
2014093013,1335
2014080512,1334
2014092506,1334
2014101706,1334
2014092512,1332
2014082813,1330
2014122719,1329
2014082920,1327
2014090719,1327
2014100719,1327
2014100519,1326
2014103120,1326
2014090521,1325
2014111006,1322
2014111706,1321
2014122819,1321
2014091512,1319
2014101319,1319
2014101013,1319
2014092320,1318
2014112006,1318
2014120520,1315
2014111219,1314
2014101820,1312
2014122820,1312
2014092811,1311
2014101512,1311
2014091320,1310
2014112221,1310
2014100920,1308
2014091720,1308
2014090619,1307
2014102212,1306
2014111012,1305
2014101419,1305
2014091712,1304
2014122420,1302
2014083120,1301
2014110207,1301
2014101311,1300
2014102213,1300
2014091912,1300
2014121720,1299
2014120912,1299
2014102911,1299
2014102519,1299
2014100415,1298
2014112320,1296
2014092120,1295
2014101313,1293
2014100207,1292
2014102712,1292
2014120112,1292
2014093012,1291
2014120312,1291
2014081420,1290
2014120419,1290
2014112021,1290
2014092206,1289
2014102012,1288
2014120521,1287
2014120820,1286
2014120111,1286
2014101012,1285
2014102620,1285
2014082421,1284
2014121120,1284
2014092520,1282
2014081913,1279
2014112512,1278
2014100511,1277
2014102420,1276
2014082113,1275
2014122107,1275
2014080820,1274
2014121320,1273
2014082011,1272
2014102912,1270
2014101412,1269
2014120506,1269
2014100612,1269
2014100118,1266
2014092420,1265
2014112120,1264
2014100911,1263
2014120620,1262
2014101712,1261
2014121020,1260
2014111106,1259
2014112712,1259
2014102820,1258
2014121820,1257
2014111820,1255
2014101720,1253
2014112921,1252
2014110119,1252
2014121806,1250
2014082820,1250
2014090807,1248
2014112506,1247
2014092620,1246
2014101506,1246
2014111607,1245
2014100912,1245
2014102113,1243
2014081721,1243
2014110610,1239
2014100413,1238
2014120707,1237
2014092906,1236
2014092312,1234
2014091520,1234
2014112020,1232
2014081621,1232
2014110406,1228
2014112606,1228
2014080121,1228
2014082621,1226
2014111319,1226
2014111621,1225
2014110920,1225
2014101120,1225
2014101306,1223
2014101413,1222
2014091021,1222
2014081914,1222
2014100416,1221
2014090721,1219
2014111920,1219
2014112621,1218
2014111206,1217
2014101606,1216
2014110720,1214
2014122521,1212
2014090421,1210
2014100512,1207
2014090812,1206
2014082014,1203
2014092220,1202
2014082712,1201
2014101312,1198
2014111220,1197
2014101907,1197
2014102206,1197
2014111806,1196
2014080321,1193
2014101106,1186
2014102320,1185
2014121821,1185
2014100720,1183
2014091921,1182
2014091121,1181
2014083006,1180
2014122606,1180
2014120219,1179
2014121606,1178
2014090221,1177
2014112121,1177
2014110320,1174
2014122621,1174
2014121006,1171
2014100620,1171
2014122906,1171
2014081021,1168
2014111406,1168
2014080219,1167
2014092812,1166
2014090121,1164
2014111306,1162
2014080621,1156
2014120720,1156
2014111720,1155
2014100906,1155
2014121520,1155
2014082212,1153
2014092806,1151
2014103121,1151
2014112521,1151
2014122021,1150
2014123106,1148
2014100319,1147
2014120206,1143
2014102111,1143
2014120719,1143
2014110220,1142
2014110907,1142
2014102106,1140
2014092920,1140
2014121221,1139
2014100507,1138
2014083021,1138
2014120221,1136
2014110420,1135
2014112520,1134
2014112106,1134
2014102306,1133
2014110612,1133
2014101920,1132
2014122920,1131
2014121220,1130
2014121921,1130
2014101612,1129
2014080919,1128
2014102312,1126
2014100219,1126
2014102421,1125
2014101520,1124
2014101821,1122
2014100411,1120
2014090621,1118
2014112321,1117
2014092020,1113
2014093021,1112
2014122320,1111
2014091421,1109
2014111421,1108
2014111921,1108
2014101921,1107
2014122406,1107
2014103020,1107
2014120120,1106
2014091721,1106
2014091620,1106
2014120320,1105
2014110120,1105
2014082020,1105
2014122306,1102
2014102521,1101
2014091306,1100
2014090321,1100
2014112720,1099
2014101620,1099
2014122221,1094
2014082606,1094
2014092621,1092
2014121620,1092
2014102621,1092
2014110121,1090
2014121721,1088
2014121021,1087
2014102112,1087
2014120621,1086
2014080520,1085
2014110421,1084
2014091321,1082
2014081906,1078
2014082321,1078
2014080806,1078
2014121421,1077
2014100312,1076
2014102520,1076
2014121506,1074
2014100220,1073
2014121321,1070
2014100407,1069
2014121906,1069
2014101406,1068
2014122721,1068
2014100307,1068
2014080706,1068
2014100520,1066
2014090921,1066
2014082406,1065
2014080421,1063
2014102920,1063
2014092912,1059
2014110820,1059
2014101721,1058
2014120306,1057
2014082821,1057
2014121121,1056
2014121521,1056
2014082721,1055
2014092021,1053
2014122321,1053
2014121706,1050
2014120906,1050
2014092820,1049
2014082012,1049
2014120821,1048
2014121206,1048
2014120921,1046
2014110706,1041
2014092321,1040
2014102720,1039
2014122821,1038
2014111221,1036
2014082206,1034
2014121106,1034
2014080721,1033
2014102220,1032
2014092521,1032
2014082921,1032
2014100120,1031
2014122121,1030
2014101219,1029
2014110611,1027
2014101521,1027
2014112721,1027
2014102921,1026
2014082521,1022
2014112622,1022
2014091621,1021
2014082013,1021
2014111020,1020
2014091820,1020
2014081406,1019
2014122720,1016
2014110506,1016
2014120420,1016
2014080920,1012
2014120406,1009
2014080506,1009
2014121621,1008
2014081421,1008
2014100419,1007
2014100412,1005
2014080106,1003
2014110520,998
2014101420,998
2014102120,997
2014120806,996
2014091406,995
2014120220,994
2014111521,994
2014111320,992
2014082006,991
2014082121,991
2014111120,991
2014111121,991
2014113021,989
2014122807,987
2014123122,985
2014100119,980
2014122506,979
2014080606,979
2014092421,978
2014080921,976
2014102221,974
2014091521,971
2014100820,970
2014110721,966
2014090606,962
2014092821,959
2014123021,958
2014100621,957
2014092121,956
2014082120,955
2014091821,953
2014080521,953
2014092921,949
2014111522,948
2014092721,948
2014110221,945
2014110620,945
2014110821,943
2014102406,943
2014080206,942
2014123006,933
2014101006,931
2014103021,931
2014082021,929
2014083121,926
2014080906,926
2014122921,924
2014092221,924
2014100121,918
2014102321,917
2014111721,916
2014093006,916
2014102821,915
2014101621,913
2014101220,907
2014102020,904
2014100821,901
2014100521,899
2014110606,897
2014082306,897
2014111821,890
2014101320,885
2014091222,884
2014082106,884
2014081606,880
2014120121,879
2014110921,867
2014122421,864
2014102121,861
2014101806,860
2014080306,859
2014100320,858
2014101121,857
2014100921,850
2014100221,843
2014110621,839
2014081706,833
2014100721,832
2014111321,832
2014112822,825
2014111021,817
2014092006,791
2014120321,785
2014083106,778
2014083022,776
2014100420,768
2014110722,767
2014102721,765
2014102021,764
2014110521,759
2014090706,757
2014090522,755
2014112206,752
2014112522,746
2014122422,739
2014120721,738
2014092706,735
2014100321,734
2014090822,732
2014101221,730
2014081622,729
2014122022,727
2014110321,726
2014101522,725
2014081922,724
2014112222,724
2014110106,719
2014100706,710
2014091322,707
2014081006,704
2014120421,704
2014082800,702
2014121722,698
2014080822,695
2014111506,692
2014101421,688
2014081022,688
2014090422,687
2014112122,685
2014100421,683
2014101021,680
2014101321,679
2014090806,678
2014121222,675
2014122522,668
2014090622,665
2014111422,664
2014093022,662
2014082422,659
2014120522,657
2014080422,647
2014082322,640
2014102506,639
2014110822,634
2014120606,631
2014090722,629
2014082922,626
2014121122,621
2014100206,621
2014082822,617
2014102422,611
2014082222,608
2014102922,607
2014080622,604
2014080322,599
2014091122,597
2014110806,592
2014122922,589
2014112322,584
2014120922,583
2014080522,580
2014112422,577
2014091922,576
2014121322,571
2014112922,571
2014101906,565
2014082722,563
2014081422,562
2014112906,561
2014112306,554
2014100506,549
2014122106,546
2014082100,545
2014112722,541
2014080222,539
2014090322,538
2014113006,537
2014121922,537
2014102122,535
2014092106,534
2014121306,532
2014090222,532
2014100106,532
2014110206,531
2014100606,531
2014122006,531
2014120706,530
2014100306,523
2014120222,521
2014102522,517
2014110622,515
2014121022,514
2014080122,514
2014103022,513
2014100222,510
2014122622,510
2014111122,510
2014090122,508
2014120722,507
2014082723,507
2014103122,506
2014091022,506
2014082905,504
2014110906,502
2014102222,502
2014092422,500
2014101822,499
2014092122,496
2014121822,495
2014101206,493
2014082522,486
2014100122,486
2014112022,485
2014121622,484
2014102606,483
2014092722,483
2014122722,483
2014111922,482
2014101122,482
2014120622,478
2014111606,475
2014092022,475
2014082505,472
2014110422,469
2014082622,467
2014091422,467
2014090922,467
2014111622,466
2014123123,465
2014080823,461
2014122822,460
2014110522,459
2014122706,458
2014122122,453
2014120322,451
2014080722,450
2014122222,450
2014102322,450
2014112805,450
2014092222,447
2014100406,447
2014100622,445
2014102822,444
2014082902,443
2014100722,441
2014101622,441
2014083122,441
2014082122,440
2014092522,428
2014121406,424
2014113022,423
2014101322,423
2014101722,422
2014121522,420
2014112623,418
2014110122,415
2014122322,409
2014112605,408
2014082901,407
2014120822,406
2014121422,405
2014110322,405
2014091522,404
2014101422,403
2014081005,401
2014123022,398
2014082705,393
2014090905,392
2014100422,391
2014082900,389
2014111722,388
2014092822,388
2014091822,386
2014120422,386
2014092322,385
2014080922,384
2014111322,382
2014091622,382
2014101922,381
2014111222,379
2014092622,379
2014100322,378
2014111822,378
2014082022,376
2014082805,373
2014100522,369
2014102722,369
2014091722,368
2014082801,367
2014091305,363
2014122806,361
2014111305,361
2014090405,357
2014101022,354
2014091205,351
2014081623,342
2014082903,341
2014102022,338
2014112700,328
2014082105,327
2014082223,327
2014081923,326
2014080405,326
2014081722,325
2014111022,323
2014092922,323
2014082802,321
2014090105,319
2014102622,317
2014120122,312
2014110922,309
2014082101,306
2014112223,305
2014080505,297
2014112123,296
2014120623,294
2014080900,292
2014080905,291
2014091405,286
2014100922,286
2014090205,284
2014091005,284
2014112823,282
2014080223,281
2014091805,280
2014083105,280
2014080305,279
2014083005,278
2014080923,273
2014122205,270
2014120805,268
2014121605,266
2014082005,265
2014082623,263
2014092900,262
2014083023,262
2014092623,261
2014082804,259
2014100822,257
2014121923,257
2014103123,255
2014110222,252
2014082305,250
2014100805,249
2014122505,246
2014112923,246
2014082423,245
2014082102,245
2014080123,243
2014112705,243
2014120205,240
2014111805,240
2014091905,239
2014121805,236
2014122423,235
2014091105,235
2014091505,233
2014120705,231
2014101222,231
2014080705,229
2014082405,228
2014081605,227
2014111905,226
2014082104,225
2014120505,224
2014112523,224
2014120605,223
2014090305,223
2014111005,222
2014110305,221
2014121505,221
2014090505,221
2014122405,220
2014111205,220
2014120105,219
2014122705,218
2014080901,217
2014090605,216
2014090705,216
2014082323,216
2014121005,215
2014082002,215
2014101123,215
2014122305,215
2014123023,214
2014081705,213
2014112604,213
2014112405,213
2014082904,212
2014120723,212
2014090223,212
2014082001,212
2014082605,211
2014081905,211
2014112600,209
2014102205,209
2014090805,209
2014081023,208
2014123005,208
2014091323,208
2014112023,206
2014092023,205
2014101823,205
2014092505,204
2014111505,203
2014112505,203
2014091123,203
2014121905,202
2014082103,201
2014082000,201
2014110523,200
2014082823,200
2014121223,199
2014090323,199
2014091923,199
2014112723,199
2014082205,199
2014092605,199
2014100123,198
2014091223,198
2014111323,198
2014091023,198
2014082523,197
2014102005,197
2014092523,197
2014121523,196
2014080205,195
2014090823,195
2014112005,192
2014112702,191
2014102905,190
2014080605,190
2014082803,190
2014091723,190
2014090923,189
2014100905,188
2014121705,188
2014112305,187
2014121105,187
2014092205,186
2014082923,186
2014111705,186
2014080105,186
2014101305,186
2014101923,185
2014112423,185
2014091605,184
2014081723,183
2014112804,183
2014110423,181
2014100705,181
2014112601,180
2014111423,179
2014091823,179
2014103005,179
2014090123,178
2014082003,178
2014120523,177
2014090423,177
2014081405,177
2014111223,176
2014121205,176
2014122023,176
2014112803,175
2014112105,175
2014122123,174
2014092901,174
2014080904,173
2014080723,172
2014111523,172
2014080805,171
2014102923,170
2014082123,170
2014092305,170
2014082300,169
2014121323,169
2014112704,167
2014102023,167
2014122523,166
2014092005,166
2014102823,166
2014110723,166
2014082004,166
2014111405,165
2014082023,165
2014101023,164
2014100423,164
2014101523,163
2014110200,163
2014102105,163
2014092405,162
2014112205,162
2014091623,162
2014122905,161
2014120905,161
2014102405,160
2014092002,160
2014102805,160
2014092705,159
2014102705,158
2014083000,157
2014090600,157
2014122623,157
2014100323,156
2014101105,156
2014100100,156
2014112504,155
2014092805,155
2014122923,155
2014100305,154
2014100200,153
2014101723,153
2014111923,153
2014102423,153
2014112501,152
2014090523,151
2014121623,150
2014111105,150
2014083123,150
2014080903,149
2014110905,149
2014120801,149
2014102523,149
2014120305,148
2014110705,147
2014121423,147
2014092723,147
2014122605,146
2014092701,146
2014100223,146
2014103105,146
2014113023,145
2014080423,145
2014080523,145
2014102723,145
2014102623,145
2014112701,143
2014120423,143
2014110823,143
2014101605,143
2014122700,143
2014101700,142
2014090904,142
2014113005,142
2014110323,141
2014110405,141
2014091705,140
2014110205,140
2014122223,140
2014102400,140
2014121405,140
2014121305,140
2014122000,140
2014110923,139
2014101800,139
2014081500,139
2014110505,139
2014100605,139
2014121903,138
2014092323,137
2014122900,137
2014122105,137
2014112905,136
2014101600,135
2014092905,135
2014082604,134
2014101323,134
2014122300,133
2014102500,133
2014092823,132
2014102305,132
2014093023,131
2014123105,131
2014080804,131
2014110100,130
2014112300,130
2014110805,130
2014102123,129
2014093005,129
2014122200,129
2014100923,128
2014091404,127
2014101405,127
2014101805,127
2014090700,127
2014090723,127
2014083100,127
2014101705,127
2014100723,124
2014091300,124
2014080902,124
2014112602,123
2014080323,123
2014102600,123
2014080600,122
2014123100,122
2014112603,122
2014112500,121
2014121504,121
2014122400,121
2014101005,121
2014122100,121
2014091523,120
2014080803,119
2014110105,118
2014101905,117
2014101223,117
2014121723,116
2014092800,116
2014092400,114
2014092105,113
2014122005,112
2014112502,112
2014121823,112
2014090500,112
2014111123,112
2014092300,112
2014122304,111
2014111823,111
2014112703,110
2014120903,110
2014100505,110
2014123001,110
2014091600,110
2014122823,110
2014100405,109
2014122805,108
2014120405,108
2014081423,107
2014111605,107
2014092923,107
2014120923,107
2014081000,107
2014120823,107
2014100523,107
2014092502,106
2014121300,105
2014082304,105
2014122301,105
2014082504,105
2014110223,105
2014101205,104
2014100800,103
2014090804,103
2014120904,103
2014120323,103
2014090623,103
2014091400,103
2014110623,102
2014122902,102
2014082700,102
2014101623,102
2014101900,101
2014090100,99
2014082603,99
2014111500,99
2014100300,99
2014081700,98
2014112323,98
2014120700,98
2014123003,97
2014100105,97
2014103023,97
2014080623,97
2014082500,97
2014081308,96
2014092100,96
2014121801,95
2014092000,95
2014092802,95
2014101505,95
2014121502,94
2014121800,94
2014081100,93
2014120400,93
2014101200,93
2014112503,93
2014111200,92
2014120800,92
2014120703,92
2014100205,92
2014122402,92
2014121202,91
2014120600,90
2014111023,90
2014111623,89
2014121303,88
2014102505,88
2014120701,87
2014092423,87
2014090800,87
2014091500,87
2014123101,87
2014120603,86
2014123002,86
2014121203,86
2014091700,86
2014122800,86
2014111900,85
2014090900,85
2014121700,84
2014090404,84
2014122600,84
2014111100,84
2014092123,84
2014080800,84
2014110900,84
2014080100,84
2014092801,84
2014121904,83
2014122401,83
2014102323,83
2014122701,83
2014111000,82
2014090400,82
2014092223,82
2014121604,82
2014092101,80
2014122603,80
2014091200,80
2014092102,79
2014102700,79
2014082400,79
2014120704,79
2014112900,79
2014121902,78
2014121000,78
2014111303,78
2014092501,77
2014111400,77
2014101100,77
2014122803,77
2014102223,77
2014110123,77
2014080700,76
2014121600,76
2014102605,75
2014110300,75
2014122302,75
2014080300,75
2014090300,74
2014120401,74
2014123102,73
2014121503,73
2014082600,73
2014120303,73
2014121400,73
2014112100,72
2014080400,72
2014091100,72
2014121702,71
2014121200,71
2014081004,71
2014093000,71
2014101400,71
2014100623,71
2014110605,70
2014121023,70
2014101423,69
2014120302,68
2014122601,68
2014092503,68
2014122403,68
2014081309,68
2014091423,67
2014110101,67
2014121304,67
2014122323,67
2014111800,66
2014100801,66
2014081800,66
2014110600,66
2014123000,66
2014092504,66
2014092200,65
2014120803,65
2014122602,65
2014111700,65
2014120404,65
2014120403,64
2014090200,63
2014121301,63
2014091800,63
2014092500,63
2014122703,63
2014122604,63
2014121701,63
2014122704,62
2014111723,62
2014090704,62
2014120402,62
2014122104,62
2014110400,61
2014113000,61
2014120204,61
2014120804,61
2014092702,61
2014101300,61
2014120702,60
2014102800,60
2014102900,60
2014092301,60
2014100900,60
2014122202,60
2014122303,59
2014093002,59
2014112800,59
2014122723,59
2014101000,58
2014120802,58
2014112200,58
2014120602,57
2014122102,57
2014080500,57
2014111803,57
2014121803,56
2014122802,55
2014122003,55
2014120500,55
2014110500,54
2014092700,54
2014093001,54
2014122901,54
2014111304,54
2014122702,53
2014111300,53
2014111600,53
2014121104,53
2014091000,53
2014123004,53
2014121123,53
2014080200,52
2014081604,52
2014081307,52
2014100700,52
2014102100,52
2014121100,51
2014092600,51
2014122903,51
2014120504,50
2014122103,50
2014102401,50
2014122002,50
2014121900,50
2014120203,49
2014122504,49
2014112000,49
2014121500,49
2014122201,48
2014121501,48
2014100500,48
2014121901,48
2014110700,48
2014120902,48
2014081311,47
2014110800,47
2014090104,47
2014120304,47
2014103000,46
2014091900,46
2014120200,46
2014122500,46
2014121802,46
2014122801,45
2014102601,45
2014120503,45
2014102002,45
2014081306,44
2014121703,44
2014120900,44
2014102604,44
2014102204,44
2014121603,43
2014112301,43
2014120300,42
2014102200,41
2014122404,41
2014091004,41
2014122101,40
2014081312,40
2014122804,40
2014080104,39
2014081310,39
2014081807,39
2014111804,38
2014082501,38
2014100400,37
2014111501,37
2014122503,36
2014121804,36
2014092902,36
2014120223,35
2014101601,35
2014120901,35
2014120100,35
2014083001,34
2014121204,34
2014120123,34
2014122203,34
2014100802,34
2014083104,33
2014090501,33
2014090604,33
2014110104,32
2014121302,32
2014091301,32
2014081322,32
2014103100,31
2014080504,31
2014122004,31
2014100823,30
2014102000,30
2014120301,30
2014090204,30
2014080801,30
2014111601,29
2014101500,29
2014111302,29
2014110103,29
2014122501,28
2014102602,28
2014122904,27
2014112901,27
2014121201,27
2014102301,26
2014100601,26
2014121103,26
2014082701,25
2014100701,24
2014111103,24
2014112400,24
2014111004,24
2014092001,24
2014101201,24
2014102300,23
2014080802,23
2014120604,23
2014080604,23
2014081904,23
2014102402,22
2014102003,22
2014110901,22
2014101801,22
2014081313,22
2014080301,21
2014090401,21
2014100600,21
2014091201,21
2014081522,21
2014121101,20
2014092302,20
2014081801,20
2014100101,19
2014082401,19
2014121602,19
2014120601,19
2014100201,18
2014092703,18
2014081101,18
2014110804,18
2014102201,18
2014103001,18
2014103101,18
2014080401,17
2014081501,17
2014101501,17
2014082301,17
2014120101,17
2014090703,17
2014090901,17
2014110701,17
2014092601,17
2014081001,16
2014120502,16
2014080501,16
2014081305,16
2014092303,15
2014090702,15
2014111901,15
2014090601,15
2014113001,15
2014100803,15
2014081521,14
2014092003,14
2014110401,14
2014122502,14
2014091401,14
2014121704,14
2014110801,14
2014091801,14
2014101901,13
2014121001,13
2014102501,13
2014111904,13
2014102801,13
2014101401,13
2014111201,12
2014083101,12
2014120201,12
2014100501,12
2014111104,12
2014092201,12
2014121004,12
2014122204,12
2014100301,11
2014101001,11
2014112101,11
2014090801,11
2014102001,11
2014111001,11
2014111204,10
2014082601,10
2014101101,10
2014112801,10
2014090301,10
2014111102,10
2014112001,10
2014112401,10
2014111701,9
2014092401,9
2014090101,9
2014111101,9
2014110301,8
2014092103,8
2014112802,8
2014081701,8
2014090201,8
2014110904,8
2014110501,8
2014091001,8
2014080201,8
2014090701,8
2014100401,7
2014101701,7
2014120501,7
2014080701,7
2014080101,7
2014102603,6
2014123103,6
2014081314,6
2014111801,6
2014091601,5
2014111401,5
2014091501,4
2014091701,4
2014110201,4
2014122001,4
2014121601,4
2014121401,4
2014090304,4
2014081321,4
2014092803,3
2014111301,3
2014102101,3
2014102901,3
2014090902,2
2014102004,2
2014102403,2
2014110601,1
2014102701,1
2014092104,1
2014080304,1
2014091901,1
2014080601,1
