线路6,20150101,06,438
线路6,20150101,07,1317
线路6,20150101,08,2120
线路6,20150101,09,2095
线路6,20150101,10,1913
线路6,20150101,11,1728
线路6,20150101,12,1634
线路6,20150101,13,1894
线路6,20150101,14,2008
线路6,20150101,15,1964
线路6,20150101,16,1966
线路6,20150101,17,2060
线路6,20150101,18,1823
线路6,20150101,19,1251
线路6,20150101,20,1267
线路6,20150101,21,983
线路6,20150102,06,724
线路6,20150103,06,671
线路6,20150102,07,1502
线路6,20150103,07,1526
线路6,20150102,08,2179
线路6,20150103,08,2280
线路6,20150102,09,2139
线路6,20150103,09,2237
线路6,20150102,10,1922
线路6,20150103,10,2028
线路6,20150102,11,1876
线路6,20150103,11,2009
线路6,20150102,12,1832
线路6,20150103,12,1965
线路6,20150102,13,1971
线路6,20150103,13,2079
线路6,20150102,14,2091
线路6,20150103,14,2194
线路6,20150102,15,2002
线路6,20150103,15,2086
线路6,20150102,16,2039
线路6,20150103,16,2167
线路6,20150102,17,2108
线路6,20150103,17,2272
线路6,20150102,18,2134
线路6,20150103,18,2259
线路6,20150102,19,1572
线路6,20150103,19,1536
线路6,20150102,20,1424
线路6,20150103,20,1411
线路6,20150102,21,1142
线路6,20150103,21,1129
线路6,20150104,06,1033
线路6,20150105,06,1299
线路6,20150106,06,1101
线路6,20150107,06,1123
线路6,20150104,07,3391
线路6,20150105,07,3448
线路6,20150106,07,3330
线路6,20150107,07,3372
线路6,20150104,08,3819
线路6,20150105,08,3864
线路6,20150106,08,3833
线路6,20150107,08,3828
线路6,20150104,09,2465
线路6,20150105,09,2403
线路6,20150106,09,2393
线路6,20150107,09,2457
线路6,20150104,10,1964
线路6,20150105,10,1804
线路6,20150106,10,1781
线路6,20150107,10,1908
线路6,20150104,11,1656
线路6,20150105,11,1532
线路6,20150106,11,1458
线路6,20150107,11,1603
线路6,20150104,12,1507
线路6,20150105,12,1399
线路6,20150106,12,1319
线路6,20150107,12,1473
线路6,20150104,13,1687
线路6,20150105,13,1551
线路6,20150106,13,1504
线路6,20150107,13,1659
线路6,20150104,14,1810
线路6,20150105,14,1695
线路6,20150106,14,1632
线路6,20150107,14,1781
线路6,20150104,15,1945
线路6,20150105,15,1836
线路6,20150106,15,1789
线路6,20150107,15,1934
线路6,20150104,16,2287
线路6,20150105,16,2156
线路6,20150106,16,2163
线路6,20150107,16,2285
线路6,20150104,17,3134
线路6,20150105,17,3002
线路6,20150106,17,3012
线路6,20150107,17,3118
线路6,20150104,18,3089
线路6,20150105,18,2948
线路6,20150106,18,2968
线路6,20150107,18,2991
线路6,20150104,19,1613
线路6,20150105,19,1560
线路6,20150106,19,1553
线路6,20150107,19,1611
线路6,20150104,20,1225
线路6,20150105,20,1213
线路6,20150106,20,1185
线路6,20150107,20,1224
线路6,20150104,21,1019
线路6,20150105,21,994
线路6,20150106,21,1003
线路6,20150107,21,1020
线路11,20150101,06,763
线路11,20150101,07,1868
线路11,20150101,08,3088
线路11,20150101,09,3792
线路11,20150101,10,3270
线路11,20150101,11,2940
线路11,20150101,12,2726
线路11,20150101,13,3083
线路11,20150101,14,3224
线路11,20150101,15,2923
线路11,20150101,16,2952
线路11,20150101,17,2879
线路11,20150101,18,2376
线路11,20150101,19,1813
线路11,20150101,20,1823
线路11,20150101,21,1741
线路11,20150102,06,782
线路11,20150103,06,807
线路11,20150102,07,2188
线路11,20150103,07,2228
线路11,20150102,08,3617
线路11,20150103,08,3695
线路11,20150102,09,3853
线路11,20150103,09,3931
线路11,20150102,10,3274
线路11,20150103,10,3353
线路11,20150102,11,2811
线路11,20150103,11,2984
线路11,20150102,12,2684
线路11,20150103,12,2749
线路11,20150102,13,2977
线路11,20150103,13,3040
线路11,20150102,14,3014
线路11,20150103,14,3070
线路11,20150102,15,2731
线路11,20150103,15,2787
线路11,20150102,16,2880
线路11,20150103,16,2949
线路11,20150102,17,3157
线路11,20150103,17,3260
线路11,20150102,18,2822
线路11,20150103,18,2936
线路11,20150102,19,2013
线路11,20150103,19,2083
线路11,20150102,20,1800
线路11,20150103,20,1850
线路11,20150102,21,1625
线路11,20150103,21,1653
线路11,20150104,06,1536
线路11,20150105,06,1707
线路11,20150106,06,1678
线路11,20150107,06,1429
线路11,20150104,07,4370
线路11,20150105,07,4520
线路11,20150106,07,4587
线路11,20150107,07,4246
线路11,20150104,08,5069
线路11,20150105,08,5346
线路11,20150106,08,5499
线路11,20150107,08,5221
线路11,20150104,09,3722
线路11,20150105,09,3726
线路11,20150106,09,3794
线路11,20150107,09,3725
线路11,20150104,10,3158
线路11,20150105,10,2808
线路11,20150106,10,2886
线路11,20150107,10,2856
线路11,20150104,11,2457
线路11,20150105,11,2125
线路11,20150106,11,2146
线路11,20150107,11,2084
线路11,20150104,12,1936
线路11,20150105,12,1760
线路11,20150106,12,1821
线路11,20150107,12,1668
线路11,20150104,13,2245
线路11,20150105,13,2052
线路11,20150106,13,2126
线路11,20150107,13,1993
线路11,20150104,14,2377
线路11,20150105,14,2160
线路11,20150106,14,2232
线路11,20150107,14,2123
线路11,20150104,15,2577
线路11,20150105,15,2409
线路11,20150106,15,2422
线路11,20150107,15,2351
线路11,20150104,16,3056
线路11,20150105,16,2936
线路11,20150106,16,2933
线路11,20150107,16,2835
线路11,20150104,17,4021
线路11,20150105,17,3930
线路11,20150106,17,3972
线路11,20150107,17,3810
线路11,20150104,18,3910
线路11,20150105,18,3902
线路11,20150106,18,3940
线路11,20150107,18,3770
线路11,20150104,19,2198
线路11,20150105,19,1975
线路11,20150106,19,2082
线路11,20150107,19,1930
线路11,20150104,20,1641
线路11,20150105,20,1456
线路11,20150106,20,1494
线路11,20150107,20,1383
线路11,20150104,21,1542
线路11,20150105,21,1330
线路11,20150106,21,1397
线路11,20150107,21,1327
